	WCC0	WCC1	WCC2	WCC3	WCR0	WCR1	WCR2	WCR3
ASV1	8186	10249	9061	7399	13673	2024	1179	1424
ASV3	610	627	674	513	1236	639	325	442
ASV4	0	0	0	0	0	9	24	94
ASV5	0	0	0	0	0	40	779	3290
ASV6	0	9	5	0	0	2347	624	821
ASV7	1319	561	546	502	307	34	245	243
ASV8	702	681	822	658	384	209	108	153
ASV9	0	0	0	0	0	327	935	2204
ASV11	470	472	365	298	809	155	94	96
ASV12	380	462	307	233	764	246	142	181
ASV14	0	0	0	0	0	0	8	11
ASV15	0	0	0	0	0	39	380	1671
ASV16	0	0	0	0	0	16	381	1599
ASV17	0	0	3	0	0	75	481	1602
ASV18	372	386	387	288	406	65	58	51
ASV19	418	240	236	156	541	138	54	102
ASV20	294	357	329	243	265	104	78	67
ASV21	0	0	0	0	0	90	357	1217
ASV22	0	0	0	0	0	0	0	186
ASV23	360	371	365	289	107	0	33	52
ASV24	269	391	484	396	62	0	0	0
ASV26	243	272	304	262	312	92	35	68
ASV27	494	251	281	232	172	39	0	0
ASV28	284	44	20	14	119	41	241	707
ASV29	362	291	296	249	165	0	0	86
ASV30	159	208	170	157	182	298	114	140
ASV31	372	267	291	243	130	0	0	42
ASV33	144	257	339	247	245	14	39	49
ASV34	0	0	0	0	0	138	307	850
ASV36	0	0	0	0	0	142	338	815
ASV37	232	269	317	228	159	0	41	48
ASV38	239	309	200	216	229	0	39	53
ASV40	143	273	253	282	69	98	62	105
ASV42	175	82	119	114	533	11	116	95
ASV44	0	0	0	0	0	98	244	859
ASV46	301	247	251	196	32	42	23	33
ASV47	203	213	261	229	103	0	45	49
ASV48	231	165	234	275	44	16	69	56
ASV49	6	50	0	32	0	428	109	151
ASV51	293	140	115	102	132	81	53	72
ASV52	0	0	0	0	5	0	0	0
ASV54	0	0	0	0	0	0	0	8
ASV55	0	0	0	0	0	12	45	137
ASV58	0	0	0	0	0	8	6	76
ASV59	0	0	0	0	0	80	194	558
ASV60	0	0	0	0	0	190	226	378
ASV61	0	0	0	0	0	454	159	214
ASV62	0	14	17	16	22	135	192	240
ASV63	201	128	155	130	200	0	0	0
ASV64	111	158	160	135	135	23	41	46
ASV66	22	64	87	67	40	251	95	135
ASV68	136	42	61	65	251	82	42	57
ASV69	94	92	99	57	256	50	39	42
ASV70	89	201	216	178	45	0	0	0
ASV71	0	0	0	0	0	16	32	82
ASV72	0	0	0	0	0	0	8	64
ASV76	0	0	0	0	0	0	0	49
ASV77	0	0	0	0	0	0	0	9
ASV79	0	0	0	0	0	0	0	38
ASV80	140	95	135	107	83	44	39	38
ASV81	0	0	0	0	0	123	202	344
ASV82	100	119	148	78	227	0	0	0
ASV83	79	111	146	119	215	0	0	0
ASV84	234	74	77	129	80	0	32	41
ASV85	0	0	0	0	0	0	0	16
ASV86	135	121	52	53	214	80	0	0
ASV88	0	0	0	0	0	0	142	505
ASV89	0	0	0	0	0	0	0	76
ASV90	0	0	0	0	0	0	14	52
ASV91	0	0	0	0	0	0	0	30
ASV92	0	0	0	0	0	0	0	32
ASV94	167	44	35	41	326	0	0	0
ASV96	134	84	97	90	72	0	46	51
ASV97	0	0	0	0	0	33	143	396
ASV98	95	140	140	120	69	0	0	0
ASV99	20	69	38	29	189	101	42	39
ASV102	49	121	92	96	52	60	27	50
ASV103	0	0	0	0	0	314	94	139
ASV105	0	0	0	0	0	29	110	393
ASV106	74	101	101	74	60	45	35	30
ASV107	0	0	0	0	0	0	0	18
ASV108	167	80	107	100	53	0	0	0
ASV110	51	115	124	90	93	0	16	13
ASV111	68	73	114	143	83	0	0	17
ASV112	0	0	0	0	0	0	0	51
ASV113	199	48	51	67	86	0	0	25
ASV114	121	74	75	88	45	0	29	38
ASV115	0	0	0	0	0	0	0	27
ASV118	0	0	0	0	0	0	21	76
ASV120	0	0	0	0	0	0	19	79
ASV122	0	0	0	0	0	29	69	175
ASV123	70	87	86	72	100	5	8	15
ASV124	0	0	0	0	0	206	95	120
ASV125	0	0	0	0	0	0	0	49
ASV130	0	71	92	50	85	37	35	42
ASV132	0	0	0	0	0	0	0	32
ASV134	0	0	0	0	0	7	25	75
ASV136	64	70	110	65	79	0	0	0
ASV138	118	36	61	41	107	0	0	22
ASV140	0	0	32	33	0	41	113	158
ASV142	0	0	0	0	0	0	19	70
ASV143	111	46	80	88	35	0	0	0
ASV145	0	0	0	0	0	0	0	5
ASV147	67	90	79	63	56	0	0	0
ASV148	78	67	78	35	78	0	9	0
ASV149	0	0	0	0	0	0	33	187
ASV150	30	16	16	11	40	94	47	90
ASV151	0	0	0	0	0	0	0	25
ASV153	82	52	92	73	0	0	19	20
ASV154	0	112	114	105	0	0	0	0
ASV156	231	10	0	10	0	0	16	63
ASV157	0	0	0	0	0	0	0	17
ASV159	59	40	75	53	70	0	13	15
ASV160	0	0	0	0	0	0	7	23
ASV161	56	59	42	50	94	0	10	14
ASV164	41	70	73	53	83	0	0	0
ASV165	0	0	0	0	0	0	0	38
ASV166	40	96	71	74	38	0	0	0
ASV167	34	63	73	54	54	0	20	20
ASV168	71	64	65	53	44	0	0	18
ASV169	40	61	72	36	47	29	0	28
ASV170	41	62	55	44	42	18	17	33
ASV173	53	45	73	65	57	0	0	15
ASV174	79	33	51	67	29	0	25	23
ASV177	0	0	0	0	0	69	47	83
ASV178	0	0	0	0	0	0	0	13
ASV179	6	21	16	6	0	38	40	64
ASV182	0	0	23	41	15	42	0	27
ASV183	27	67	98	81	21	0	0	0
ASV184	41	51	80	71	14	14	0	21
ASV185	0	0	0	0	0	0	0	11
ASV187	0	0	0	0	0	0	0	7
ASV189	17	19	22	17	0	55	56	88
ASV190	85	0	0	0	19	42	40	96
ASV191	0	0	0	0	0	0	0	36
ASV192	0	0	0	0	0	179	62	40
ASV193	44	0	0	0	0	0	0	15
ASV197	0	0	0	0	0	0	0	53
ASV198	0	0	0	0	0	13	94	170
ASV199	0	0	0	0	0	0	0	52
ASV200	0	103	77	62	15	0	8	0
ASV201	54	55	52	74	35	0	0	0
ASV203	0	0	0	0	0	22	67	180
ASV205	62	82	60	45	0	0	0	0
ASV206	41	42	39	41	35	25	21	23
ASV208	0	0	0	0	0	0	0	19
ASV209	0	0	0	0	0	0	49	213
ASV212	12	58	75	57	32	13	0	12
ASV215	0	0	0	8	0	0	0	0
ASV216	65	29	42	44	11	28	15	20
ASV220	0	44	63	59	46	0	0	33
ASV221	0	0	0	0	0	0	0	18
ASV222	0	0	0	0	0	0	0	26
ASV225	0	0	0	0	0	0	8	35
ASV230	37	55	67	36	35	0	0	0
ASV231	25	40	47	56	61	0	0	0
ASV233	17	24	39	35	66	6	15	26
ASV239	0	78	76	64	0	0	0	0
ASV246	0	0	0	0	0	18	33	166
ASV247	43	27	44	31	71	0	0	0
ASV248	0	0	0	0	0	64	33	66
ASV249	0	0	0	0	0	0	0	11
ASV253	57	0	41	0	49	31	24	10
ASV256	0	19	0	0	80	38	30	24
ASV257	88	47	0	31	0	0	0	44
ASV258	0	0	0	0	0	0	0	15
ASV262	48	57	56	0	46	0	0	0
ASV263	0	0	0	0	0	0	6	44
ASV267	0	0	0	0	0	0	0	23
ASV268	0	0	0	0	0	0	0	57
ASV270	28	51	56	49	17	0	0	2
ASV275	23	0	0	0	0	45	48	83
ASV277	0	0	0	0	0	0	0	30
ASV279	56	40	47	33	0	0	21	0
ASV280	25	16	53	41	62	0	0	0
ASV282	0	0	0	0	0	0	0	11
ASV284	48	60	28	59	0	0	0	0
ASV288	0	0	0	0	0	0	0	20
ASV289	0	0	0	0	0	0	44	109
ASV291	0	0	0	0	0	0	0	23
ASV293	0	60	71	58	0	0	0	0
ASV294	0	52	62	53	22	0	0	0
ASV295	0	0	0	0	0	0	0	46
ASV296	29	18	36	20	79	6	0	0
ASV298	51	22	18	24	59	0	5	8
ASV300	0	0	0	0	0	0	0	66
ASV302	73	0	0	0	105	0	7	0
ASV307	40	10	28	47	34	6	0	18
ASV308	0	22	12	23	60	41	11	14
ASV310	0	50	43	0	89	0	0	0
ASV313	9	11	10	8	63	0	38	41
ASV317	0	0	0	8	0	0	0	9
ASV318	0	0	0	0	0	0	44	134
ASV320	0	0	0	4	170	0	0	0
ASV321	0	0	0	0	0	0	0	80
ASV323	17	43	36	43	30	0	0	0
ASV324	9	13	17	12	79	18	8	9
ASV326	0	0	0	0	0	0	0	63
ASV328	0	54	40	38	35	0	0	0
ASV329	0	0	0	0	0	0	13	36
ASV331	0	54	53	59	0	0	0	0
ASV333	83	0	0	0	62	0	19	0
ASV334	14	24	57	55	14	0	0	0
ASV336	29	25	31	22	45	5	2	4
ASV337	0	0	0	76	87	0	0	0
ASV339	44	0	33	0	35	0	29	21
ASV340	0	11	12	14	125	0	0	0
ASV343	0	0	0	0	0	0	0	18
ASV344	62	17	28	29	22	0	0	0
ASV345	0	0	0	0	89	0	20	49
ASV346	0	0	0	0	0	8	20	130
ASV350	0	0	0	0	0	0	0	19
ASV351	0	0	0	0	0	10	15	0
ASV353	0	0	0	0	0	0	0	35
ASV355	0	43	42	30	40	0	0	0
ASV358	8	17	0	21	0	12	12	20
ASV363	0	0	0	0	0	0	20	59
ASV369	17	23	18	12	16	22	15	25
ASV371	0	0	0	0	0	0	11	63
ASV373	0	0	0	0	0	11	6	31
ASV374	10	19	28	18	56	0	8	7
ASV376	0	0	0	0	0	16	52	77
ASV378	0	0	0	0	0	0	19	0
ASV381	11	22	18	17	51	23	0	0
ASV382	0	0	0	0	0	0	6	27
ASV385	89	16	0	19	17	0	0	0
ASV386	0	0	43	28	28	42	0	0
ASV391	51	0	34	0	54	0	0	0
ASV392	0	36	0	0	0	20	55	28
ASV393	0	0	0	0	0	0	51	88
ASV398	110	0	6	0	22	0	0	0
ASV400	0	0	0	0	0	0	0	8
ASV402	0	14	18	15	88	0	0	0
ASV403	0	0	0	0	0	9	15	43
ASV406	19	25	22	30	37	0	0	0
ASV407	10	0	0	0	10	21	39	53
ASV408	0	0	0	0	0	0	42	91
ASV410	0	0	0	0	0	0	26	58
ASV411	0	0	0	0	0	11	15	46
ASV413	0	0	0	6	44	18	17	33
ASV417	0	0	0	0	0	0	0	4
ASV420	34	12	6	16	11	0	23	27
ASV422	0	0	0	0	0	0	0	17
ASV424	0	32	52	44	0	0	0	0
ASV427	40	45	41	0	0	0	0	0
ASV428	27	23	24	16	36	0	0	0
ASV429	20	27	32	38	9	0	0	0
ASV431	0	0	0	0	0	0	0	22
ASV433	0	26	51	40	0	0	0	8
ASV436	0	0	0	0	0	0	3	26
ASV437	20	15	14	16	5	21	7	26
ASV438	0	0	0	0	0	38	35	51
ASV440	0	0	0	0	0	0	25	76
ASV450	15	37	32	32	0	0	0	0
ASV454	35	0	24	21	37	0	0	0
ASV455	0	29	44	0	44	0	0	0
ASV458	45	0	37	0	34	0	0	0
ASV462	12	0	7	0	38	0	20	38
ASV463	0	0	0	0	0	0	0	9
ASV465	0	0	0	0	0	26	10	15
ASV468	0	0	0	0	0	18	0	59
ASV470	0	0	0	0	0	33	22	35
ASV475	0	0	0	0	0	0	0	11
ASV477	0	0	0	0	0	0	0	17
ASV480	27	0	39	0	31	0	0	13
ASV481	0	0	0	0	0	0	0	30
ASV486	0	0	0	0	0	0	0	19
ASV487	97	0	0	0	10	0	0	0
ASV488	28	24	31	0	24	0	0	0
ASV491	0	0	0	0	0	0	14	28
ASV492	0	0	0	0	0	33	6	23
ASV493	0	0	0	0	0	0	35	71
ASV496	69	0	0	0	36	0	0	0
ASV498	0	0	0	0	0	19	0	0
ASV502	85	0	0	0	0	0	19	0
ASV503	0	0	0	0	0	0	0	21
ASV514	0	0	0	0	0	12	27	63
ASV520	0	0	0	0	0	0	6	22
ASV521	0	0	9	0	0	30	20	27
ASV523	38	24	11	1	0	0	0	27
ASV528	0	0	0	0	0	0	0	9
ASV529	0	0	0	0	0	0	0	7
ASV535	0	0	0	0	0	13	10	25
ASV543	0	0	10	0	0	0	13	24
ASV548	22	24	23	3	8	6	0	11
ASV549	0	18	0	12	41	0	0	26
ASV550	0	0	0	0	86	11	0	0
ASV553	13	20	25	26	12	0	0	0
ASV554	0	0	0	0	0	0	0	4
ASV559	0	24	35	36	0	0	0	0
ASV560	0	0	0	0	0	45	0	50
ASV561	0	0	0	0	0	0	0	20
ASV566	0	12	28	0	35	0	0	19
ASV574	21	18	27	16	10	0	0	0
ASV575	0	32	31	29	0	0	0	0
ASV576	0	0	0	0	0	0	0	10
ASV578	0	0	0	0	0	0	0	11
ASV585	0	0	0	0	0	0	0	19
ASV586	0	0	0	0	0	0	0	9
ASV587	22	22	19	11	6	0	0	0
ASV592	0	0	0	0	0	10	21	58
ASV593	0	0	0	0	7	29	21	31
ASV594	0	0	0	0	0	0	0	17
ASV599	0	0	23	24	0	15	0	25
ASV600	0	0	0	0	0	0	0	21
ASV605	38	0	0	0	48	0	0	0
ASV612	13	22	13	12	25	0	0	0
ASV613	0	28	26	26	5	0	0	0
ASV615	0	0	0	0	0	50	15	20
ASV617	55	0	11	17	0	0	0	0
ASV618	12	12	17	12	30	0	0	0
ASV619	0	0	0	0	0	26	22	35
ASV620	0	0	0	0	0	0	0	12
ASV623	0	0	0	10	0	0	37	35
ASV625	0	0	0	0	0	6	8	15
ASV626	0	0	0	0	0	17	7	20
ASV627	0	0	0	4	0	33	21	18
ASV628	17	22	0	21	21	0	0	0
ASV629	10	17	15	19	20	0	0	0
ASV633	4	11	0	9	7	15	0	15
ASV641	0	0	0	0	0	0	5	61
ASV647	0	7	0	0	0	21	21	30
ASV648	0	0	0	0	0	38	23	18
ASV649	0	0	0	0	0	0	8	3
ASV650	0	0	0	0	0	0	0	19
ASV653	0	30	0	0	48	0	0	0
ASV654	0	19	33	23	3	0	0	0
ASV658	0	0	0	0	0	0	0	6
ASV665	0	0	0	0	0	0	0	14
ASV667	8	0	6	12	0	11	20	19
ASV668	0	0	6	0	23	31	16	0
ASV669	0	0	0	0	0	76	0	0
ASV672	0	0	0	0	0	0	0	29
ASV678	60	0	0	0	15	0	0	0
ASV685	37	0	0	0	11	0	14	12
ASV686	0	0	0	0	0	17	22	35
ASV689	0	0	0	0	0	0	0	4
ASV690	0	0	0	0	0	17	21	18
ASV707	42	15	10	0	0	0	4	0
ASV708	0	0	0	0	0	20	20	31
ASV721	0	11	16	16	27	0	0	0
ASV726	0	0	0	0	0	0	0	21
ASV733	69	0	0	0	0	0	0	0
ASV735	0	0	0	0	0	16	0	12
ASV738	60	0	0	0	8	0	0	0
ASV739	0	0	0	0	0	0	6	0
ASV744	27	0	8	15	17	0	0	0
ASV745	10	27	14	16	0	0	0	0
ASV746	0	33	34	0	0	0	0	0
ASV747	0	21	26	20	0	0	0	0
ASV748	0	0	21	24	22	0	0	0
ASV749	0	0	0	0	19	21	15	12
ASV753	0	0	0	0	0	31	15	12
ASV759	66	0	0	0	0	0	0	0
ASV760	0	6	0	0	6	16	15	23
ASV766	0	0	0	0	0	0	4	0
ASV775	21	0	0	0	44	0	0	0
ASV776	0	0	0	0	0	0	0	7
ASV778	0	0	0	0	0	0	0	7
ASV783	0	0	0	0	0	0	0	64
ASV784	0	0	0	0	0	0	8	17
ASV795	0	27	22	14	0	0	0	0
ASV798	0	0	0	0	3	12	0	30
ASV805	0	11	12	10	11	7	6	5
ASV806	0	0	0	0	0	10	0	52
ASV807	0	0	0	0	0	0	0	62
ASV808	0	0	0	0	0	9	0	0
ASV812	33	0	28	0	0	0	0	0
ASV813	0	15	21	25	0	0	0	0
ASV822	0	7	0	0	0	0	0	0
ASV824	0	0	0	0	60	0	0	0
ASV827	0	0	0	0	0	0	0	10
ASV839	0	0	0	0	0	0	0	17
ASV850	0	0	0	0	0	0	31	0
ASV853	0	12	9	0	37	0	0	0
ASV854	0	5	9	0	36	0	8	0
ASV855	0	0	0	0	0	0	23	35
ASV862	0	0	0	0	0	14	12	20
ASV872	0	8	0	0	18	8	7	16
ASV873	0	0	0	0	0	15	20	22
ASV887	11	11	0	0	7	9	8	10
ASV888	5	15	19	17	0	0	0	0
ASV889	0	0	0	0	15	13	11	17
ASV902	10	0	13	0	2	0	21	9
ASV903	0	0	0	0	55	0	0	0
ASV905	0	0	0	0	0	0	6	0
ASV916	54	0	0	0	0	0	0	0
ASV917	7	0	10	13	24	0	0	0
ASV919	0	0	33	21	0	0	0	0
ASV920	0	0	0	0	0	0	0	54
ASV924	0	0	0	0	0	0	0	26
ASV934	0	0	0	0	53	0	0	0
ASV935	0	0	0	0	0	23	0	30
ASV936	0	0	0	0	0	9	16	28
ASV937	0	0	0	0	0	4	0	14
ASV941	0	0	0	0	0	0	9	14
ASV942	0	0	0	0	0	0	0	9
ASV950	17	0	19	16	0	0	0	0
ASV951	0	0	0	52	0	0	0	0
ASV952	0	0	0	0	0	0	20	32
ASV967	44	0	7	0	0	0	0	0
ASV968	35	0	0	0	0	0	16	0
ASV969	6	5	0	3	14	0	13	10
ASV971	0	0	0	0	0	0	0	51
ASV984	0	0	0	0	50	0	0	0
ASV988	0	0	0	0	0	0	0	6
ASV1000	0	0	0	0	25	0	15	9
ASV1001	0	0	0	3	0	0	0	0
ASV1002	0	0	0	0	0	0	0	5
ASV1006	0	0	0	0	0	0	0	11
ASV1007	0	0	0	0	0	0	0	4
ASV1009	0	0	0	0	0	0	0	6
ASV1021	38	0	0	0	10	0	0	0
ASV1022	13	9	17	9	0	0	0	0
ASV1023	0	0	0	0	48	0	0	0
ASV1024	0	0	0	0	0	0	21	27
ASV1028	0	0	0	0	0	15	0	14
ASV1029	0	0	0	0	0	7	9	27
ASV1036	7	9	14	17	0	0	0	0
ASV1037	0	0	0	0	0	17	13	17
ASV1042	0	0	0	0	0	11	0	11
ASV1055	25	0	9	12	0	0	0	0
ASV1056	24	7	0	0	15	0	0	0
ASV1057	0	16	15	15	0	0	0	0
ASV1067	0	21	24	0	0	0	0	0
ASV1068	0	0	0	0	45	0	0	0
ASV1069	0	0	0	0	0	0	0	45
ASV1088	8	0	6	0	8	10	4	8
ASV1095	0	0	0	0	0	0	0	13
ASV1108	0	13	21	0	9	0	0	0
ASV1109	0	12	22	9	0	0	0	0
ASV1125	42	0	0	0	0	0	0	0
ASV1126	0	42	0	0	0	0	0	0
ASV1127	0	13	11	18	0	0	0	0
ASV1128	0	9	10	18	5	0	0	0
ASV1131	23	0	0	0	0	0	0	0
ASV1153	0	14	0	27	0	0	0	0
ASV1154	0	8	0	0	33	0	0	0
ASV1155	0	0	0	0	0	0	41	0
ASV1156	0	0	0	0	0	0	0	41
ASV1161	0	0	0	0	0	0	3	9
ASV1164	0	0	0	0	0	0	0	28
ASV1183	26	14	0	0	0	0	0	0
ASV1185	0	0	0	40	0	0	0	0
ASV1186	0	0	0	0	0	0	14	26
ASV1191	0	0	0	0	0	9	10	0
ASV1230	20	18	0	0	0	0	0	0
ASV1232	1	14	0	0	10	4	3	6
ASV1233	0	0	0	0	0	14	0	24
ASV1240	0	0	0	0	0	0	0	5
ASV1253	7	0	0	0	0	7	12	11
ASV1254	0	6	9	7	0	0	0	15
ASV1255	0	0	0	0	0	17	7	13
ASV1256	0	0	0	0	0	16	8	13
ASV1262	0	0	0	0	0	0	0	12
ASV1265	0	0	0	0	0	0	0	15
ASV1268	0	0	0	0	0	0	0	16
ASV1286	0	0	16	20	0	0	0	0
ASV1288	0	0	0	0	0	3	4	8
ASV1295	0	0	0	0	0	9	6	15
ASV1311	35	0	0	0	0	0	0	0
ASV1313	9	0	0	0	0	0	11	15
ASV1314	0	24	11	0	0	0	0	0
ASV1315	0	8	14	13	0	0	0	0
ASV1316	0	0	0	35	0	0	0	0
ASV1317	0	0	0	0	0	0	0	35
ASV1320	0	0	0	0	0	0	0	19
ASV1322	0	0	0	0	19	0	0	0
ASV1324	0	0	0	0	0	0	0	9
ASV1325	0	0	0	0	0	0	0	21
ASV1347	34	0	0	0	0	0	0	0
ASV1350	9	0	0	6	19	0	0	0
ASV1352	0	0	0	0	0	24	0	10
ASV1353	0	0	0	0	0	13	21	0
ASV1354	0	0	0	0	0	6	5	23
ASV1355	0	0	0	0	0	0	16	18
ASV1356	0	0	0	0	0	0	0	34
ASV1361	0	0	0	0	0	0	10	0
ASV1373	33	0	0	0	0	0	0	0
ASV1374	0	6	6	14	7	0	0	0
ASV1375	0	0	0	0	33	0	0	0
ASV1376	0	0	0	0	33	0	0	0
ASV1377	0	0	0	0	33	0	0	0
ASV1378	0	0	0	0	22	11	0	0
ASV1380	0	0	0	0	0	0	0	6
ASV1381	0	0	0	0	0	0	0	26
ASV1384	0	0	0	0	0	0	0	13
ASV1386	0	0	0	0	0	0	0	16
ASV1402	32	0	0	0	0	0	0	0
ASV1403	22	0	10	0	0	0	0	0
ASV1404	11	10	0	11	0	0	0	0
ASV1405	0	0	6	0	7	9	0	10
ASV1406	0	0	0	0	32	0	0	0
ASV1407	0	0	0	0	32	0	0	0
ASV1408	0	0	0	0	0	14	0	18
ASV1415	0	0	0	0	0	0	0	10
ASV1416	0	0	0	0	0	0	0	4
ASV1422	0	0	0	0	0	0	12	14
ASV1441	31	0	0	0	0	0	0	0
ASV1442	0	13	7	11	0	0	0	0
ASV1443	0	0	0	0	14	17	0	0
ASV1444	0	0	0	0	0	0	9	22
ASV1446	0	0	0	0	0	0	0	8
ASV1451	0	0	0	0	0	0	0	21
ASV1465	30	0	0	0	0	0	0	0
ASV1466	30	0	0	0	0	0	0	0
ASV1467	13	0	0	0	17	0	0	0
ASV1468	5	20	5	0	0	0	0	0
ASV1470	0	0	0	30	0	0	0	0
ASV1471	0	0	0	5	0	17	8	0
ASV1472	0	0	0	0	0	0	0	30
ASV1483	0	0	0	0	0	0	0	7
ASV1514	29	0	0	0	0	0	0	0
ASV1515	29	0	0	0	0	0	0	0
ASV1516	0	29	0	0	0	0	0	0
ASV1517	0	0	0	0	29	0	0	0
ASV1527	0	0	0	0	0	0	0	14
ASV1528	0	0	0	0	0	0	0	10
ASV1529	0	0	0	0	0	0	0	8
ASV1562	9	6	9	0	4	0	0	0
ASV1563	0	28	0	0	0	0	0	0
ASV1564	0	0	0	0	28	0	0	0
ASV1565	0	0	0	0	0	0	0	28
ASV1568	0	0	0	0	0	0	0	12
ASV1571	0	0	0	0	0	0	0	1
ASV1578	0	0	0	0	0	0	0	9
ASV1579	0	0	0	0	0	0	0	16
ASV1581	0	0	0	0	0	0	0	14
ASV1604	20	7	0	0	0	0	0	0
ASV1605	6	0	0	0	21	0	0	0
ASV1607	0	9	0	18	0	0	0	0
ASV1608	0	9	15	3	0	0	0	0
ASV1609	0	0	27	0	0	0	0	0
ASV1610	0	0	27	0	0	0	0	0
ASV1611	0	0	0	27	0	0	0	0
ASV1613	0	0	0	0	0	0	9	10
ASV1653	13	5	8	0	0	0	0	0
ASV1655	0	0	0	0	0	0	0	6
ASV1660	0	0	0	0	0	0	0	6
ASV1691	0	25	0	0	0	0	0	0
ASV1694	0	0	0	0	25	0	0	0
ASV1695	0	0	0	0	0	25	0	0
ASV1699	0	0	0	0	0	0	10	0
ASV1714	0	0	0	0	0	0	0	15
ASV1715	0	0	0	0	0	0	0	15
ASV1744	0	24	0	0	0	0	0	0
ASV1745	0	0	8	0	16	0	0	0
ASV1746	0	0	5	10	0	0	9	0
ASV1747	0	0	0	0	9	12	0	3
ASV1748	0	0	0	0	3	0	0	0
ASV1749	6	7	0	0	0	0	0	0
ASV1757	0	5	0	0	0	0	0	0
ASV1763	0	0	0	0	0	0	0	15
ASV1768	0	5	0	0	0	0	0	0
ASV1794	23	0	0	0	0	0	0	0
ASV1795	9	10	0	4	0	0	0	0
ASV1796	0	15	8	0	0	0	0	0
ASV1797	0	0	23	0	0	0	0	0
ASV1798	0	0	0	0	23	0	0	0
ASV1801	0	0	10	0	0	0	0	0
ASV1814	0	0	0	0	0	0	0	6
ASV1848	22	0	0	0	0	0	0	0
ASV1850	22	0	0	0	0	0	0	0
ASV1852	6	3	0	0	7	3	3	0
ASV1853	0	0	0	22	0	0	0	0
ASV1855	0	0	0	0	0	0	0	22
ASV1871	0	0	0	0	0	0	0	4
ASV1873	0	0	0	0	0	0	0	5
ASV1877	0	0	0	0	18	0	0	0
ASV1928	0	0	17	4	0	0	0	0
ASV1929	0	0	8	13	0	0	0	0
ASV1930	0	0	0	0	8	7	6	0
ASV1931	0	0	0	0	0	21	0	0
ASV1932	0	0	0	0	0	21	0	0
ASV1951	0	0	0	0	0	0	0	5
ASV1954	0	0	0	0	0	0	0	7
ASV1996	14	6	0	0	0	0	0	0
ASV1997	10	0	0	0	10	0	0	0
ASV1998	8	0	12	0	0	0	0	0
ASV2000	0	4	6	0	10	0	0	0
ASV2001	0	0	8	12	0	0	0	0
ASV2002	0	0	0	20	0	0	0	0
ASV2003	0	0	0	0	20	0	0	0
ASV2004	0	0	0	0	20	0	0	0
ASV2005	0	0	0	0	0	8	6	6
ASV2006	0	0	0	0	0	0	0	20
ASV2027	0	0	0	0	0	0	0	12
ASV2032	0	0	0	6	0	0	0	0
ASV2078	12	7	0	0	0	0	0	0
ASV2079	12	0	0	0	7	0	0	0
ASV2080	5	0	0	0	14	0	0	0
ASV2081	0	8	11	0	0	0	0	0
ASV2085	0	0	0	0	19	0	0	0
ASV2086	0	0	0	0	19	0	0	0
ASV2088	0	0	0	0	19	0	0	0
ASV2089	0	0	0	0	0	13	0	6
ASV2090	0	0	0	0	0	0	2	0
ASV2173	0	11	7	0	0	0	0	0
ASV2174	0	7	7	0	4	0	0	0
ASV2175	0	5	0	7	0	6	0	0
ASV2176	0	0	18	0	0	0	0	0
ASV2177	0	0	18	0	0	0	0	0
ASV2178	0	0	0	0	18	0	0	0
ASV2179	0	0	0	0	6	4	8	0
ASV2180	0	0	0	0	0	0	8	10
ASV2184	0	8	0	0	0	0	0	0
ASV2209	0	0	0	0	0	0	0	4
ASV2210	0	0	0	0	0	0	0	9
ASV2216	0	0	0	0	0	0	5	4
ASV2279	0	0	17	0	0	0	0	0
ASV2280	0	0	0	0	0	0	17	0
ASV2282	0	0	0	0	0	0	0	17
ASV2311	0	0	0	0	0	0	0	7
ASV2381	0	0	0	0	0	6	5	0
ASV2382	16	0	0	0	0	0	0	0
ASV2384	0	16	0	0	0	0	0	0
ASV2385	0	16	0	0	0	0	0	0
ASV2386	0	16	0	0	0	0	0	0
ASV2387	0	9	7	0	0	0	0	0
ASV2388	0	0	16	0	0	0	0	0
ASV2389	0	0	0	16	0	0	0	0
ASV2390	0	0	0	0	16	0	0	0
ASV2391	0	0	0	0	16	0	0	0
ASV2393	0	0	0	0	0	16	0	0
ASV2394	0	0	0	0	0	0	0	16
ASV2395	0	0	0	0	0	0	0	16
ASV2396	0	0	0	0	0	0	0	16
ASV2397	0	0	0	0	0	0	0	16
ASV2398	0	0	0	0	0	0	0	16
ASV2508	15	0	0	0	0	0	0	0
ASV2509	8	7	0	0	0	0	0	0
ASV2510	0	15	0	0	0	0	0	0
ASV2511	0	0	15	0	0	0	0	0
ASV2512	0	0	7	8	0	0	0	0
ASV2513	0	0	0	0	10	0	0	5
ASV2514	0	0	0	0	0	15	0	0
ASV2515	0	0	0	0	0	0	15	0
ASV2516	0	0	0	0	0	0	15	0
ASV2549	0	0	0	0	0	0	0	4
ASV2550	0	0	0	0	0	0	0	5
ASV2551	0	0	0	0	0	0	6	0
ASV2563	0	0	2	0	0	0	0	0
ASV2636	14	0	0	0	0	0	0	0
ASV2638	14	0	0	0	0	0	0	0
ASV2639	14	0	0	0	0	0	0	0
ASV2640	0	14	0	0	0	0	0	0
ASV2641	0	14	0	0	0	0	0	0
ASV2642	0	9	5	0	0	0	0	0
ASV2643	0	5	9	0	0	0	0	0
ASV2644	0	5	0	0	0	0	0	9
ASV2645	0	2	0	0	0	5	0	7
ASV2646	0	0	6	4	0	4	0	0
ASV2647	0	0	0	11	0	0	3	0
ASV2648	0	0	0	0	14	0	0	0
ASV2649	0	0	0	0	14	0	0	0
ASV2650	0	0	0	0	14	0	0	0
ASV2651	0	0	0	0	14	0	0	0
ASV2652	0	0	0	0	0	10	4	0
ASV2653	0	0	0	0	0	0	0	14
ASV2654	0	0	0	0	0	0	0	14
ASV2655	0	0	0	0	0	0	0	14
ASV2684	0	0	0	0	0	0	6	0
ASV2694	0	0	0	0	0	0	0	12
ASV2781	13	0	0	0	0	0	0	0
ASV2783	8	0	5	0	0	0	0	0
ASV2784	0	13	0	0	0	0	0	0
ASV2785	0	13	0	0	0	0	0	0
ASV2786	0	0	13	0	0	0	0	0
ASV2787	0	0	8	5	0	0	0	0
ASV2788	0	0	0	13	0	0	0	0
ASV2789	0	0	0	0	13	0	0	0
ASV2790	0	0	0	0	13	0	0	0
ASV2791	0	0	0	0	0	13	0	0
ASV2793	0	0	0	0	0	0	4	9
ASV2794	0	0	0	0	0	0	0	13
ASV2795	0	0	0	0	0	0	0	13
ASV2831	0	0	0	0	0	0	0	4
ASV2836	0	0	0	0	0	0	0	5
ASV2951	12	0	0	0	0	0	0	0
ASV2952	12	0	0	0	0	0	0	0
ASV2953	0	12	0	0	0	0	0	0
ASV2955	0	3	5	0	4	0	0	0
ASV2956	0	0	0	12	0	0	0	0
ASV2957	0	0	0	0	12	0	0	0
ASV2958	0	0	0	0	0	12	0	0
ASV2960	0	0	0	0	0	0	12	0
ASV2961	0	0	0	0	0	0	0	12
ASV2962	0	0	0	0	0	0	0	12
ASV3067	0	0	0	7	0	0	0	0
ASV3137	11	0	0	0	0	0	0	0
ASV3138	11	0	0	0	0	0	0	0
ASV3139	11	0	0	0	0	0	0	0
ASV3141	0	11	0	0	0	0	0	0
ASV3144	0	0	11	0	0	0	0	0
ASV3145	0	0	0	11	0	0	0	0
ASV3146	0	0	0	0	11	0	0	0
ASV3147	0	0	0	0	11	0	0	0
ASV3148	0	0	0	0	0	0	0	11
ASV3149	0	0	0	0	0	0	0	11
ASV3150	0	0	0	0	0	0	0	11
ASV3151	0	0	0	0	0	0	0	11
ASV3152	0	0	0	0	0	0	0	11
ASV3153	0	0	0	0	0	0	0	11
ASV3154	0	0	0	0	0	0	0	11
ASV3163	0	0	0	0	0	0	7	0
ASV3207	0	0	0	0	0	0	0	4
ASV3219	0	7	0	0	0	0	0	0
ASV3351	10	0	0	0	0	0	0	0
ASV3352	10	0	0	0	0	0	0	0
ASV3354	0	10	0	0	0	0	0	0
ASV3358	0	0	0	10	0	0	0	0
ASV3360	0	0	0	0	10	0	0	0
ASV3361	0	0	0	0	10	0	0	0
ASV3362	0	0	0	0	10	0	0	0
ASV3363	0	0	0	0	0	10	0	0
ASV3364	0	0	0	0	0	0	10	0
ASV3365	0	0	0	0	0	0	0	10
ASV3366	0	0	0	0	0	0	0	10
ASV3367	0	0	0	0	0	0	0	10
ASV3368	0	0	0	0	0	0	0	10
ASV3419	0	0	0	0	0	0	0	4
ASV3440	0	0	4	0	0	0	0	0
ASV3568	9	0	0	0	0	0	0	0
ASV3569	9	0	0	0	0	0	0	0
ASV3570	9	0	0	0	0	0	0	0
ASV3573	9	0	0	0	0	0	0	0
ASV3575	0	9	0	0	0	0	0	0
ASV3577	0	9	0	0	0	0	0	0
ASV3578	0	9	0	0	0	0	0	0
ASV3579	0	0	9	0	0	0	0	0
ASV3580	0	0	5	4	0	0	0	0
ASV3582	0	0	0	0	9	0	0	0
ASV3583	0	0	0	0	9	0	0	0
ASV3584	0	0	0	0	0	9	0	0
ASV3585	0	0	0	0	0	9	0	0
ASV3586	0	0	0	0	0	9	0	0
ASV3587	0	0	0	0	0	9	0	0
ASV3588	0	0	0	0	0	9	0	0
ASV3590	0	0	0	0	0	0	0	9
ASV3591	0	0	0	0	0	0	0	9
ASV3592	0	0	0	0	0	0	0	9
ASV3593	0	0	0	0	0	0	0	9
ASV3594	0	0	0	0	0	0	0	9
ASV3595	0	0	0	0	0	0	0	7
ASV3636	0	0	0	0	0	0	0	5
ASV3643	0	0	0	0	0	0	0	3
ASV3798	0	0	0	0	0	0	3	0
ASV3799	8	0	0	0	0	0	0	0
ASV3800	8	0	0	0	0	0	0	0
ASV3801	0	8	0	0	0	0	0	0
ASV3802	0	8	0	0	0	0	0	0
ASV3803	0	0	8	0	0	0	0	0
ASV3804	0	0	8	0	0	0	0	0
ASV3805	0	0	8	0	0	0	0	0
ASV3806	0	0	8	0	0	0	0	0
ASV3807	0	0	8	0	0	0	0	0
ASV3808	0	0	4	4	0	0	0	0
ASV3809	0	0	0	8	0	0	0	0
ASV3810	0	0	0	8	0	0	0	0
ASV3811	0	0	0	0	8	0	0	0
ASV3812	0	0	0	0	8	0	0	0
ASV3813	0	0	0	0	8	0	0	0
ASV3814	0	0	0	0	8	0	0	0
ASV3815	0	0	0	0	8	0	0	0
ASV3816	0	0	0	0	0	8	0	0
ASV3817	0	0	0	0	0	0	2	6
ASV3818	0	0	0	0	0	0	0	8
ASV3819	0	0	0	0	0	0	0	8
ASV3820	0	0	0	0	0	0	0	8
ASV3821	0	0	0	0	0	0	0	8
ASV3822	0	0	0	0	0	0	0	8
ASV3893	0	0	0	0	0	0	0	2
ASV4021	0	0	0	0	0	0	0	1
ASV4049	7	0	0	0	0	0	0	0
ASV4052	7	0	0	0	0	0	0	0
ASV4053	7	0	0	0	0	0	0	0
ASV4055	0	7	0	0	0	0	0	0
ASV4057	0	7	0	0	0	0	0	0
ASV4059	0	4	3	0	0	0	0	0
ASV4060	0	0	7	0	0	0	0	0
ASV4062	0	0	7	0	0	0	0	0
ASV4064	0	0	0	7	0	0	0	0
ASV4065	0	0	0	0	7	0	0	0
ASV4066	0	0	0	0	7	0	0	0
ASV4067	0	0	0	0	7	0	0	0
ASV4068	0	0	0	0	7	0	0	0
ASV4069	0	0	0	0	0	7	0	0
ASV4070	0	0	0	0	0	7	0	0
ASV4071	0	0	0	0	0	0	7	0
ASV4072	0	0	0	0	0	0	0	7
ASV4073	0	0	0	0	0	0	0	7
ASV4074	0	0	0	0	0	0	0	7
ASV4075	0	0	0	0	0	0	0	7
ASV4076	0	0	0	0	0	0	0	7
ASV4077	0	0	0	0	0	0	0	7
ASV4149	0	0	0	0	0	0	0	3
ASV4338	6	0	0	0	0	0	0	0
ASV4339	6	0	0	0	0	0	0	0
ASV4340	0	6	0	0	0	0	0	0
ASV4341	0	6	0	0	0	0	0	0
ASV4342	0	6	0	0	0	0	0	0
ASV4344	0	0	6	0	0	0	0	0
ASV4345	0	0	6	0	0	0	0	0
ASV4346	0	0	6	0	0	0	0	0
ASV4347	0	0	6	0	0	0	0	0
ASV4348	0	0	6	0	0	0	0	0
ASV4349	0	0	3	3	0	0	0	0
ASV4350	0	0	0	6	0	0	0	0
ASV4353	0	0	0	0	6	0	0	0
ASV4354	0	0	0	0	3	0	0	3
ASV4355	0	0	0	0	2	0	0	4
ASV4356	0	0	0	0	0	6	0	0
ASV4357	0	0	0	0	0	6	0	0
ASV4358	0	0	0	0	0	6	0	0
ASV4359	0	0	0	0	0	6	0	0
ASV4360	0	0	0	0	0	6	0	0
ASV4362	0	0	0	0	0	6	0	0
ASV4363	0	0	0	0	0	0	6	0
ASV4365	0	0	0	0	0	0	6	0
ASV4367	0	0	0	0	0	0	6	0
ASV4368	0	0	0	0	0	0	6	0
ASV4369	0	0	0	0	0	0	6	0
ASV4370	0	0	0	0	0	0	0	6
ASV4371	0	0	0	0	0	0	0	6
ASV4466	0	0	0	0	0	0	0	2
ASV4641	5	0	0	0	0	0	0	0
ASV4643	5	0	0	0	0	0	0	0
ASV4644	3	0	2	0	0	0	0	0
ASV4645	0	5	0	0	0	0	0	0
ASV4646	0	5	0	0	0	0	0	0
ASV4648	0	5	0	0	0	0	0	0
ASV4650	0	5	0	0	0	0	0	0
ASV4651	0	0	5	0	0	0	0	0
ASV4652	0	0	5	0	0	0	0	0
ASV4653	0	0	0	5	0	0	0	0
ASV4654	0	0	0	5	0	0	0	0
ASV4655	0	0	0	5	0	0	0	0
ASV4656	0	0	0	5	0	0	0	0
ASV4657	0	0	0	5	0	0	0	0
ASV4658	0	0	0	5	0	0	0	0
ASV4659	0	0	0	5	0	0	0	0
ASV4660	0	0	0	0	5	0	0	0
ASV4661	0	0	0	0	5	0	0	0
ASV4663	0	0	0	0	5	0	0	0
ASV4664	0	0	0	0	5	0	0	0
ASV4665	0	0	0	0	5	0	0	0
ASV4666	0	0	0	0	5	0	0	0
ASV4667	0	0	0	0	0	5	0	0
ASV4668	0	0	0	0	0	5	0	0
ASV4669	0	0	0	0	0	5	0	0
ASV4670	0	0	0	0	0	5	0	0
ASV4671	0	0	0	0	0	0	5	0
ASV4672	0	0	0	0	0	0	5	0
ASV4673	0	0	0	0	0	0	5	0
ASV4675	0	0	0	0	0	0	5	0
ASV4676	0	0	0	0	0	0	5	0
ASV4677	0	0	0	0	0	0	0	5
ASV4678	0	0	0	0	0	0	0	5
ASV4679	0	0	0	0	0	0	0	5
ASV4680	0	0	0	0	0	0	0	5
ASV4681	0	0	0	0	0	0	0	5
ASV4682	0	0	0	0	0	0	0	5
ASV4683	0	0	0	0	0	0	0	5
ASV4684	0	0	0	0	0	0	0	5
ASV4772	0	0	0	0	0	0	0	1
ASV4993	4	0	0	0	0	0	0	0
ASV4995	4	0	0	0	0	0	0	0
ASV4996	4	0	0	0	0	0	0	0
ASV4997	4	0	0	0	0	0	0	0
ASV4998	4	0	0	0	0	0	0	0
ASV4999	4	0	0	0	0	0	0	0
ASV5000	4	0	0	0	0	0	0	0
ASV5001	0	4	0	0	0	0	0	0
ASV5002	0	4	0	0	0	0	0	0
ASV5003	0	4	0	0	0	0	0	0
ASV5004	0	4	0	0	0	0	0	0
ASV5006	0	4	0	0	0	0	0	0
ASV5007	0	0	4	0	0	0	0	0
ASV5008	0	0	4	0	0	0	0	0
ASV5010	0	0	4	0	0	0	0	0
ASV5011	0	0	4	0	0	0	0	0
ASV5012	0	0	4	0	0	0	0	0
ASV5013	0	0	0	4	0	0	0	0
ASV5015	0	0	0	4	0	0	0	0
ASV5017	0	0	0	0	4	0	0	0
ASV5018	0	0	0	0	4	0	0	0
ASV5020	0	0	0	0	4	0	0	0
ASV5021	0	0	0	0	4	0	0	0
ASV5022	0	0	0	0	4	0	0	0
ASV5023	0	0	0	0	4	0	0	0
ASV5024	0	0	0	0	4	0	0	0
ASV5025	0	0	0	0	4	0	0	0
ASV5026	0	0	0	0	4	0	0	0
ASV5027	0	0	0	0	4	0	0	0
ASV5028	0	0	0	0	4	0	0	0
ASV5029	0	0	0	0	4	0	0	0
ASV5030	0	0	0	0	0	4	0	0
ASV5031	0	0	0	0	0	4	0	0
ASV5032	0	0	0	0	0	4	0	0
ASV5033	0	0	0	0	0	0	4	0
ASV5034	0	0	0	0	0	0	4	0
ASV5036	0	0	0	0	0	0	0	4
ASV5037	0	0	0	0	0	0	0	4
ASV5038	0	0	0	0	0	0	0	4
ASV5039	0	0	0	0	0	0	0	4
ASV5040	0	0	0	0	0	0	0	4
ASV5041	0	0	0	0	0	0	0	4
ASV5042	0	0	0	0	0	0	0	4
ASV5043	0	0	0	0	0	0	0	4
ASV5349	3	0	0	0	0	0	0	0
ASV5350	3	0	0	0	0	0	0	0
ASV5351	3	0	0	0	0	0	0	0
ASV5352	3	0	0	0	0	0	0	0
ASV5353	3	0	0	0	0	0	0	0
ASV5354	3	0	0	0	0	0	0	0
ASV5355	3	0	0	0	0	0	0	0
ASV5356	3	0	0	0	0	0	0	0
ASV5357	3	0	0	0	0	0	0	0
ASV5359	3	0	0	0	0	0	0	0
ASV5361	3	0	0	0	0	0	0	0
ASV5362	3	0	0	0	0	0	0	0
ASV5363	3	0	0	0	0	0	0	0
ASV5364	0	3	0	0	0	0	0	0
ASV5367	0	3	0	0	0	0	0	0
ASV5370	0	3	0	0	0	0	0	0
ASV5371	0	3	0	0	0	0	0	0
ASV5372	0	3	0	0	0	0	0	0
ASV5373	0	0	3	0	0	0	0	0
ASV5374	0	0	3	0	0	0	0	0
ASV5375	0	0	3	0	0	0	0	0
ASV5376	0	0	3	0	0	0	0	0
ASV5377	0	0	3	0	0	0	0	0
ASV5380	0	0	3	0	0	0	0	0
ASV5381	0	0	3	0	0	0	0	0
ASV5382	0	0	3	0	0	0	0	0
ASV5383	0	0	3	0	0	0	0	0
ASV5384	0	0	0	3	0	0	0	0
ASV5385	0	0	0	3	0	0	0	0
ASV5387	0	0	0	3	0	0	0	0
ASV5388	0	0	0	3	0	0	0	0
ASV5389	0	0	0	0	3	0	0	0
ASV5390	0	0	0	0	3	0	0	0
ASV5391	0	0	0	0	3	0	0	0
ASV5393	0	0	0	0	3	0	0	0
ASV5394	0	0	0	0	3	0	0	0
ASV5395	0	0	0	0	3	0	0	0
ASV5396	0	0	0	0	3	0	0	0
ASV5397	0	0	0	0	3	0	0	0
ASV5399	0	0	0	0	0	3	0	0
ASV5400	0	0	0	0	0	3	0	0
ASV5401	0	0	0	0	0	3	0	0
ASV5403	0	0	0	0	0	0	3	0
ASV5404	0	0	0	0	0	0	3	0
ASV5405	0	0	0	0	0	0	3	0
ASV5406	0	0	0	0	0	0	3	0
ASV5407	0	0	0	0	0	0	3	0
ASV5408	0	0	0	0	0	0	3	0
ASV5409	0	0	0	0	0	0	3	0
ASV5410	0	0	0	0	0	0	0	3
ASV5411	0	0	0	0	0	0	0	3
ASV5412	0	0	0	0	0	0	0	3
ASV5413	0	0	0	0	0	0	0	3
ASV5414	0	0	0	0	0	0	0	3
ASV5415	0	0	0	0	0	0	0	3
ASV5416	0	0	0	0	0	0	0	3
ASV5417	0	0	0	0	0	0	0	3
ASV5418	0	0	0	0	0	0	0	3
ASV5419	0	0	0	0	0	0	0	3
ASV5420	0	0	0	0	0	0	0	3
ASV5421	0	0	0	0	0	0	0	3
ASV5788	2	0	0	0	0	0	0	0
ASV5789	2	0	0	0	0	0	0	0
ASV5790	2	0	0	0	0	0	0	0
ASV5791	2	0	0	0	0	0	0	0
ASV5792	2	0	0	0	0	0	0	0
ASV5793	2	0	0	0	0	0	0	0
ASV5794	2	0	0	0	0	0	0	0
ASV5796	2	0	0	0	0	0	0	0
ASV5798	2	0	0	0	0	0	0	0
ASV5799	2	0	0	0	0	0	0	0
ASV5800	2	0	0	0	0	0	0	0
ASV5801	2	0	0	0	0	0	0	0
ASV5803	2	0	0	0	0	0	0	0
ASV5804	2	0	0	0	0	0	0	0
ASV5805	2	0	0	0	0	0	0	0
ASV5806	2	0	0	0	0	0	0	0
ASV5807	2	0	0	0	0	0	0	0
ASV5808	2	0	0	0	0	0	0	0
ASV5809	2	0	0	0	0	0	0	0
ASV5810	0	2	0	0	0	0	0	0
ASV5811	0	2	0	0	0	0	0	0
ASV5812	0	2	0	0	0	0	0	0
ASV5813	0	2	0	0	0	0	0	0
ASV5814	0	2	0	0	0	0	0	0
ASV5815	0	2	0	0	0	0	0	0
ASV5816	0	2	0	0	0	0	0	0
ASV5818	0	2	0	0	0	0	0	0
ASV5820	0	2	0	0	0	0	0	0
ASV5821	0	0	2	0	0	0	0	0
ASV5822	0	0	2	0	0	0	0	0
ASV5823	0	0	2	0	0	0	0	0
ASV5824	0	0	2	0	0	0	0	0
ASV5825	0	0	2	0	0	0	0	0
ASV5826	0	0	2	0	0	0	0	0
ASV5828	0	0	2	0	0	0	0	0
ASV5829	0	0	2	0	0	0	0	0
ASV5830	0	0	0	2	0	0	0	0
ASV5831	0	0	0	2	0	0	0	0
ASV5832	0	0	0	0	2	0	0	0
ASV5833	0	0	0	0	2	0	0	0
ASV5834	0	0	0	0	2	0	0	0
ASV5835	0	0	0	0	2	0	0	0
ASV5836	0	0	0	0	2	0	0	0
ASV5838	0	0	0	0	2	0	0	0
ASV5839	0	0	0	0	2	0	0	0
ASV5840	0	0	0	0	2	0	0	0
ASV5841	0	0	0	0	2	0	0	0
ASV5842	0	0	0	0	2	0	0	0
ASV5843	0	0	0	0	2	0	0	0
ASV5844	0	0	0	0	2	0	0	0
ASV5845	0	0	0	0	2	0	0	0
ASV5846	0	0	0	0	2	0	0	0
ASV5847	0	0	0	0	2	0	0	0
ASV5848	0	0	0	0	2	0	0	0
ASV5849	0	0	0	0	2	0	0	0
ASV5850	0	0	0	0	2	0	0	0
ASV5851	0	0	0	0	2	0	0	0
ASV5852	0	0	0	0	2	0	0	0
ASV5853	0	0	0	0	0	2	0	0
ASV5854	0	0	0	0	0	2	0	0
ASV5855	0	0	0	0	0	2	0	0
ASV5856	0	0	0	0	0	2	0	0
ASV5857	0	0	0	0	0	2	0	0
ASV5858	0	0	0	0	0	2	0	0
ASV5860	0	0	0	0	0	0	2	0
ASV5861	0	0	0	0	0	0	2	0
ASV5863	0	0	0	0	0	0	2	0
ASV5864	0	0	0	0	0	0	2	0
ASV5865	0	0	0	0	0	0	2	0
ASV5866	0	0	0	0	0	0	2	0
ASV5867	0	0	0	0	0	0	2	0
ASV5868	0	0	0	0	0	0	2	0
ASV5869	0	0	0	0	0	0	2	0
ASV5870	0	0	0	0	0	0	2	0
ASV5871	0	0	0	0	0	0	2	0
ASV5872	0	0	0	0	0	0	2	0
ASV5874	0	0	0	0	0	0	2	0
ASV5875	0	0	0	0	0	0	2	0
ASV5876	0	0	0	0	0	0	0	2
ASV5877	0	0	0	0	0	0	0	2
ASV5878	0	0	0	0	0	0	0	2
ASV5879	0	0	0	0	0	0	0	2
ASV5880	0	0	0	0	0	0	0	2
ASV5881	0	0	0	0	0	0	0	2
ASV5882	0	0	0	0	0	0	0	2
ASV5883	0	0	0	0	0	0	0	2
ASV5884	0	0	0	0	0	0	0	2
ASV5885	0	0	0	0	0	0	0	2
ASV5886	0	0	0	0	0	0	0	2
ASV5887	0	0	0	0	0	0	0	2
ASV5888	0	0	0	0	0	0	0	2
ASV5889	0	0	0	0	0	0	0	2
ASV5890	0	0	0	0	0	0	0	2
ASV5891	0	0	0	0	0	0	0	2
ASV5892	0	0	0	0	0	0	0	2
ASV5893	0	0	0	0	0	0	0	2
ASV6113	1	0	0	0	0	0	0	0
ASV6114	1	0	0	0	0	0	0	0
ASV6115	1	0	0	0	0	0	0	0
ASV6116	1	0	0	0	0	0	0	0
ASV6117	1	0	0	0	0	0	0	0
ASV6118	1	0	0	0	0	0	0	0
ASV6119	0	1	0	0	0	0	0	0
ASV6120	0	1	0	0	0	0	0	0
ASV6122	0	0	1	0	0	0	0	0
ASV6125	0	0	0	1	0	0	0	0
ASV6126	0	0	0	0	1	0	0	0
ASV6127	0	0	0	0	1	0	0	0
ASV6128	0	0	0	0	1	0	0	0
ASV6129	0	0	0	0	0	1	0	0
ASV6130	0	0	0	0	0	1	0	0
ASV6131	0	0	0	0	0	1	0	0
ASV6132	0	0	0	0	0	1	0	0
ASV6133	0	0	0	0	0	1	0	0
ASV6134	0	0	0	0	0	0	1	0
ASV6135	0	0	0	0	0	0	1	0
ASV6136	0	0	0	0	0	0	1	0
ASV6137	0	0	0	0	0	0	1	0
ASV6138	0	0	0	0	0	0	1	0
ASV6139	0	0	0	0	0	0	1	0
ASV6140	0	0	0	0	0	0	1	0
ASV6141	0	0	0	0	0	0	0	1
ASV6142	0	0	0	0	0	0	0	1
ASV6143	0	0	0	0	0	0	0	1
ASV6144	0	0	0	0	0	0	0	1
ASV6145	0	0	0	0	0	0	0	1
ASV6146	0	0	0	0	0	0	0	1
ASV6147	0	0	0	0	0	0	0	1
ASV6148	0	0	0	0	0	0	0	1
ASV6149	0	0	0	0	0	0	0	1
ASV6150	0	0	0	0	0	0	0	1
ASV6151	0	0	0	0	0	0	0	1
ASV6152	0	0	0	0	0	0	0	1
ASV6153	0	0	0	0	0	0	0	1
ASV6154	0	0	0	0	0	0	0	1
ASV6155	0	0	0	0	0	0	0	1
ASV6156	0	0	0	0	0	0	0	1
ASV6157	0	0	0	0	0	0	0	1
ASV6158	0	0	0	0	0	0	0	1
