	WCC0	WCC1	WCC2	WCC3	WCR0	WCR1	WCR2	WCR3
ASV1	7969	10246	9030	7384	13616	1976	1180	1409
ASV2	595	621	657	508	1213	618	326	430
ASV3	0	0	0	0	0	40	782	3187
ASV4	1268	557	565	481	293	33	249	235
ASV5	0	8	5	0	0	2272	596	784
ASV6	694	660	792	626	375	208	103	151
ASV7	0	0	0	0	0	324	938	2186
ASV8	2132	331	266	269	0	0	0	0
ASV9	394	459	303	229	762	232	133	177
ASV10	0	0	3	0	0	75	474	1596
ASV11	0	0	0	0	0	36	361	1672
ASV12	362	380	385	285	406	65	56	50
ASV13	0	0	0	0	0	15	398	1564
ASV14	282	345	316	240	267	99	76	64
ASV15	261	432	467	409	63	0	0	0
ASV16	0	0	0	0	0	71	350	1205
ASV17	263	266	294	254	302	90	34	67
ASV18	345	362	366	276	104	0	32	51
ASV19	392	260	303	239	156	0	0	81
ASV20	192	200	167	157	168	286	112	140
ASV21	274	43	19	14	115	41	224	678
ASV22	458	250	271	210	161	37	0	0
ASV23	356	261	282	234	124	0	20	43
ASV24	144	246	335	236	242	13	38	44
ASV25	231	296	228	186	261	0	38	50
ASV26	0	0	0	0	0	137	305	837
ASV27	0	0	0	0	0	138	333	804
ASV28	140	264	246	278	68	97	62	119
ASV29	220	261	303	218	155	0	41	48
ASV30	0	0	0	0	0	98	239	844
ASV31	162	80	114	103	505	10	113	86
ASV32	290	248	242	194	33	45	22	33
ASV33	200	205	250	233	111	0	44	47
ASV34	229	165	232	274	43	15	65	55
ASV35	286	141	112	98	131	81	52	75
ASV36	201	128	154	128	199	0	0	0
ASV37	0	0	0	0	0	72	189	547
ASV38	0	0	0	0	0	458	152	196
ASV39	105	150	150	162	122	23	41	42
ASV40	6	66	0	0	0	459	102	148
ASV41	0	0	0	0	0	183	207	363
ASV42	93	93	98	55	257	60	39	39
ASV43	22	62	79	64	39	242	90	127
ASV44	128	39	63	58	244	76	39	53
ASV45	79	113	142	115	250	0	0	0
ASV46	110	137	145	73	226	0	0	0
ASV47	81	196	207	164	42	0	0	0
ASV48	138	94	131	103	82	43	37	37
ASV49	226	74	77	125	78	0	31	41
ASV50	0	0	0	0	0	119	194	334
ASV51	0	0	0	0	0	0	139	499
ASV52	258	154	51	49	0	30	47	38
ASV53	0	14	17	16	21	128	182	234
ASV54	162	44	33	42	319	0	0	0
ASV55	128	118	53	0	209	77	0	0
ASV56	413	79	33	59	0	0	0	0
ASV57	92	139	138	121	69	0	0	0
ASV58	130	71	95	86	71	0	42	49
ASV59	0	0	0	0	0	31	136	375
ASV60	73	101	96	74	60	72	35	30
ASV61	48	118	91	95	53	59	27	49
ASV62	0	0	0	0	0	312	96	128
ASV63	20	68	37	28	186	96	41	39
ASV64	0	0	0	0	0	23	105	381
ASV65	166	76	106	98	53	0	0	0
ASV66	67	73	112	143	81	0	0	17
ASV67	48	114	123	85	93	0	16	14
ASV68	198	46	50	67	84	0	0	25
ASV69	121	72	75	87	44	0	28	37
ASV70	122	43	65	50	109	0	0	22
ASV71	62	80	79	71	93	5	8	13
ASV72	0	0	0	0	0	196	93	115
ASV73	0	68	91	48	84	36	34	41
ASV74	0	70	39	54	42	0	96	90
ASV75	63	67	105	57	79	0	0	0
ASV76	0	0	33	34	0	41	98	154
ASV77	111	45	79	87	35	0	0	0
ASV78	67	88	79	64	57	0	0	0
ASV79	41	67	73	51	112	0	0	0
ASV80	75	67	74	36	78	0	9	0
ASV81	62	63	66	61	68	0	0	18
ASV82	81	53	92	72	0	0	19	20
ASV83	0	86	50	77	0	0	48	70
ASV84	229	10	0	10	0	0	16	62
ASV85	29	15	13	0	39	91	49	89
ASV86	0	108	115	102	0	0	0	0
ASV87	58	38	74	47	67	0	12	14
ASV88	41	60	54	46	40	17	17	34
ASV89	79	33	51	65	29	0	24	23
ASV90	36	63	71	62	57	0	0	15
ASV91	32	58	72	51	49	0	19	19
ASV92	65	68	82	0	78	0	0	0
ASV93	40	41	38	41	64	25	19	22
ASV94	58	57	0	62	91	0	9	12
ASV95	26	63	95	79	21	0	0	0
ASV96	39	62	71	33	45	0	0	27
ASV97	0	117	76	61	15	0	8	0
ASV98	82	0	0	0	17	41	38	96
ASV99	0	0	0	0	0	23	68	183
ASV100	37	47	75	67	12	14	0	20
ASV101	0	0	0	0	0	173	57	38
ASV102	0	0	0	0	0	29	67	170
ASV103	17	18	22	16	0	54	53	83
ASV104	0	0	0	0	0	13	90	156
ASV105	12	59	73	55	31	13	0	12
ASV106	47	54	50	71	31	0	0	0
ASV107	0	0	0	0	0	0	47	204
ASV108	64	27	42	42	12	28	14	19
ASV109	59	76	60	44	0	0	0	0
ASV110	0	92	71	71	0	0	0	0
ASV111	25	38	47	56	60	0	0	0
ASV112	17	24	38	35	66	5	15	25
ASV113	37	53	64	35	33	0	0	0
ASV114	0	78	78	62	0	0	0	0
ASV115	0	0	0	0	0	19	34	165
ASV116	0	0	0	0	0	0	34	184
ASV117	42	44	42	38	48	0	0	0
ASV118	43	27	44	30	69	0	0	0
ASV119	0	43	65	58	46	0	0	0
ASV120	48	60	27	73	0	0	0	0
ASV121	85	45	0	34	0	0	0	43
ASV122	23	54	52	62	0	0	0	16
ASV123	40	0	39	0	62	31	24	10
ASV124	55	0	0	0	82	0	20	47
ASV125	44	57	55	0	45	0	0	0
ASV126	28	49	52	48	17	0	0	2
ASV127	0	0	0	0	0	68	46	79
ASV128	22	0	0	0	0	44	48	78
ASV129	55	41	43	31	0	0	20	0
ASV130	0	0	0	0	0	10	44	136
ASV131	29	18	36	18	77	6	0	5
ASV132	0	19	0	0	78	38	29	25
ASV133	25	14	50	39	60	0	0	0
ASV134	6	21	17	6	0	38	40	60
ASV135	42	10	28	45	34	6	4	18
ASV136	54	12	35	0	35	0	30	20
ASV137	0	51	62	52	21	0	0	0
ASV138	0	0	0	0	0	0	9	177
ASV139	72	0	0	0	106	0	7	0
ASV140	49	21	18	24	55	0	5	8
ASV141	0	56	70	54	0	0	0	0
ASV142	0	0	0	0	0	0	44	134
ASV143	9	11	10	8	60	0	38	40
ASV144	0	19	12	23	60	37	11	12
ASV145	0	0	0	4	164	0	0	0
ASV146	59	0	74	0	33	0	0	0
ASV147	18	41	35	42	29	0	0	0
ASV148	9	13	18	11	78	18	9	9
ASV149	0	0	0	0	0	0	43	122
ASV150	0	53	53	57	0	0	0	0
ASV151	0	0	0	0	0	64	32	66
ASV152	14	23	55	53	14	0	0	0
ASV153	80	0	0	0	57	0	19	0
ASV154	62	17	28	29	20	0	0	0
ASV155	0	35	0	0	0	19	54	47
ASV156	0	0	0	0	0	8	20	127
ASV157	0	10	13	14	117	0	0	0
ASV158	0	40	41	29	40	0	0	0
ASV159	16	22	18	12	16	22	13	25
ASV160	10	16	28	18	55	0	8	7
ASV161	33	0	32	29	46	0	0	0
ASV162	11	21	17	16	50	21	0	0
ASV163	0	0	0	0	0	16	48	72
ASV164	12	0	0	0	9	20	38	55
ASV165	9	26	15	23	19	13	11	18
ASV166	0	38	51	37	0	0	0	8
ASV167	0	0	0	0	0	0	49	84
ASV168	0	14	17	15	86	0	0	0
ASV169	0	0	20	38	14	36	0	24
ASV170	104	0	6	0	21	0	0	0
ASV171	0	53	40	38	0	0	0	0
ASV172	0	0	42	61	28	0	0	0
ASV173	83	15	0	17	15	0	0	0
ASV174	89	0	0	0	40	0	0	0
ASV175	34	0	0	0	0	19	17	59
ASV176	6	20	26	22	18	0	28	9
ASV177	0	47	39	43	0	0	0	0
ASV178	0	0	0	0	126	0	0	0
ASV179	32	12	5	16	11	0	22	27
ASV180	29	23	30	19	24	0	0	0
ASV181	19	8	11	7	21	0	20	38
ASV182	20	25	30	10	27	5	2	4
ASV183	0	0	0	0	0	37	35	50
ASV184	0	0	0	0	0	9	21	91
ASV185	38	23	11	1	0	0	22	25
ASV186	0	0	0	0	0	15	32	73
ASV187	43	34	21	21	0	0	0	0
ASV188	19	25	31	37	7	0	0	0
ASV189	18	23	18	27	33	0	0	0
ASV190	116	0	0	0	0	0	0	0
ASV191	15	36	35	30	0	0	0	0
ASV192	0	0	0	6	42	18	16	33
ASV193	12	0	8	0	38	0	18	38
ASV194	0	0	0	0	0	46	30	36
ASV195	17	15	14	12	4	17	7	25
ASV196	0	26	44	0	41	0	0	0
ASV197	27	0	40	0	30	0	0	13
ASV198	0	0	0	0	0	0	0	109
ASV199	0	47	0	31	14	0	0	16
ASV200	0	0	0	0	0	6	24	74
ASV201	41	0	0	62	0	0	0	0
ASV202	34	15	12	16	20	0	0	6
ASV203	18	21	25	18	20	0	0	0
ASV204	31	0	0	0	29	0	41	0
ASV205	0	0	0	0	0	0	25	75
ASV206	0	18	0	12	41	0	0	28
ASV207	80	0	0	0	0	0	18	0
ASV208	0	0	0	11	0	0	36	51
ASV209	0	0	0	0	87	11	0	0
ASV210	0	0	0	0	0	0	21	77
ASV211	0	0	0	0	0	11	26	60
ASV212	0	0	0	0	0	0	25	70
ASV213	0	0	0	0	0	0	19	76
ASV214	22	24	12	11	9	6	0	10
ASV215	45	20	19	9	0	0	0	0
ASV216	32	0	28	33	0	0	0	0
ASV217	15	21	21	11	12	0	0	13
ASV218	0	23	34	36	0	0	0	0
ASV219	13	19	24	24	12	0	0	0
ASV220	21	17	27	16	9	0	0	0
ASV221	0	33	30	27	0	0	0	0
ASV222	0	0	0	0	0	34	22	34
ASV223	89	0	0	0	0	0	0	0
ASV224	0	0	0	0	0	0	34	55
ASV225	0	0	0	0	0	10	20	57
ASV226	0	0	0	0	0	0	18	68
ASV227	27	0	24	0	34	0	0	0
ASV228	84	0	0	0	0	0	0	0
ASV229	56	0	11	16	0	0	0	0
ASV230	37	0	0	0	46	0	0	0
ASV231	0	0	22	23	0	15	0	23
ASV232	0	0	0	0	0	8	6	69
ASV233	13	21	14	12	22	0	0	0
ASV234	10	17	15	19	21	0	0	0
ASV235	12	14	16	12	27	0	0	0
ASV236	4	6	0	5	22	6	16	22
ASV237	0	0	8	0	0	27	19	26
ASV238	0	0	0	0	0	39	22	19
ASV239	0	22	0	0	13	6	21	17
ASV240	0	0	0	0	0	43	36	0
ASV241	7	13	0	20	0	10	11	17
ASV242	0	7	0	0	0	21	21	29
ASV243	0	0	0	0	5	27	17	28
ASV244	0	0	0	0	0	0	0	77
ASV245	34	0	23	19	0	0	0	0
ASV246	0	0	0	20	0	15	20	21
ASV247	0	0	0	0	0	76	0	0
ASV248	0	0	0	0	0	0	20	56
ASV249	37	0	0	0	11	0	15	12
ASV250	19	22	18	10	6	0	0	0
ASV251	0	0	0	0	0	10	23	42
ASV252	0	19	31	21	3	0	0	0
ASV253	0	0	0	0	0	17	0	57
ASV254	0	0	0	0	0	16	21	37
ASV255	0	0	6	0	21	31	15	0
ASV256	0	0	0	0	0	0	12	61
ASV257	0	0	0	0	0	0	0	73
ASV258	8	0	5	10	0	11	19	18
ASV259	54	0	0	0	16	0	0	0
ASV260	0	27	0	0	43	0	0	0
ASV261	0	0	0	0	0	0	6	64
ASV262	40	15	10	0	0	0	4	0
ASV263	24	0	0	0	27	2	9	7
ASV264	22	0	0	0	0	0	0	47
ASV265	0	13	14	24	18	0	0	0
ASV266	0	10	16	16	27	0	0	0
ASV267	0	0	0	0	0	33	20	16
ASV268	0	0	0	0	0	19	20	30
ASV269	0	20	26	21	0	0	0	0
ASV270	0	0	0	0	0	9	15	43
ASV271	66	0	0	0	0	0	0	0
ASV272	57	0	0	0	9	0	0	0
ASV273	0	0	21	22	23	0	0	0
ASV274	0	0	0	0	0	0	5	61
ASV275	0	0	0	0	0	0	0	66
ASV276	26	0	7	15	17	0	0	0
ASV277	0	8	25	26	5	0	0	0
ASV278	0	0	0	0	0	0	14	50
ASV279	21	0	0	0	42	0	0	0
ASV280	0	33	30	0	0	0	0	0
ASV281	0	0	0	0	16	20	15	12
ASV282	0	0	0	0	0	7	12	44
ASV283	0	0	0	0	0	0	0	63
ASV284	0	0	0	0	0	0	0	63
ASV285	0	11	12	10	11	7	6	5
ASV286	0	0	28	0	34	0	0	0
ASV287	0	0	0	0	0	0	0	62
ASV288	61	0	0	0	0	0	0	0
ASV289	0	25	22	14	0	0	0	0
ASV290	0	14	23	23	0	0	0	0
ASV291	0	0	0	0	0	31	6	23
ASV292	0	0	0	0	0	23	0	37
ASV293	0	0	0	0	0	0	0	60
ASV294	0	5	4	34	16	0	0	0
ASV295	45	0	13	0	0	0	0	0
ASV296	0	6	0	0	0	15	16	21
ASV297	0	0	0	0	0	31	15	12
ASV298	0	0	0	0	0	0	23	35
ASV299	43	0	0	0	0	0	0	14
ASV300	0	8	0	0	18	9	8	14
ASV301	0	0	0	0	0	19	20	18
ASV302	10	0	17	29	0	0	0	0
ASV303	3	11	0	7	6	14	0	15
ASV304	0	0	0	0	56	0	0	0
ASV305	0	34	21	0	0	0	0	0
ASV306	0	29	18	0	0	0	0	8
ASV307	0	0	0	0	15	13	10	17
ASV308	0	0	0	0	0	22	14	19
ASV309	0	5	8	0	34	0	7	0
ASV310	0	0	0	0	54	0	0	0
ASV311	0	0	0	0	0	0	0	54
ASV312	53	0	0	0	0	0	0	0
ASV313	35	0	0	0	0	4	14	0
ASV314	9	0	12	0	2	0	22	8
ASV315	7	0	9	13	24	0	0	0
ASV316	0	16	0	0	37	0	0	0
ASV317	0	10	9	0	34	0	0	0
ASV318	0	0	0	0	53	0	0	0
ASV319	0	0	0	0	0	3	6	44
ASV320	18	0	0	17	17	0	0	0
ASV321	5	13	18	16	0	0	0	0
ASV322	0	8	11	0	33	0	0	0
ASV323	0	0	2	7	7	10	14	12
ASV324	0	0	0	0	0	0	0	52
ASV325	0	0	0	0	0	0	0	52
ASV326	16	0	19	16	0	0	0	0
ASV327	10	9	0	0	5	9	8	10
ASV328	0	0	0	51	0	0	0	0
ASV329	0	0	0	0	0	9	16	26
ASV330	0	0	0	0	0	0	0	51
ASV331	0	0	0	0	0	0	0	51
ASV332	0	0	0	0	0	0	19	31
ASV333	49	0	0	0	0	0	0	0
ASV334	0	0	0	0	0	14	28	7
ASV335	0	0	0	0	0	13	11	25
ASV336	0	0	0	0	0	0	0	49
ASV337	0	0	0	0	0	0	0	49
ASV338	7	9	15	17	0	0	0	0
ASV339	0	9	22	8	9	0	0	0
ASV340	0	0	0	22	26	0	0	0
ASV341	0	0	0	0	48	0	0	0
ASV342	0	0	0	0	48	0	0	0
ASV343	0	0	0	0	0	0	21	27
ASV344	0	0	0	0	0	0	13	35
ASV345	13	9	17	8	0	0	0	0
ASV346	6	4	0	0	14	0	13	10
ASV347	0	0	0	0	0	25	9	13
ASV348	0	0	0	0	0	14	12	21
ASV349	46	0	0	0	0	0	0	0
ASV350	0	0	0	0	0	0	0	46
ASV351	45	0	0	0	0	0	0	0
ASV352	24	7	0	0	14	0	0	0
ASV353	0	9	9	12	0	0	15	0
ASV354	0	0	0	0	24	0	12	9
ASV355	0	0	0	0	0	17	22	6
ASV356	0	0	0	0	0	10	6	29
ASV357	0	0	0	0	0	0	0	45
ASV358	0	0	9	0	0	0	12	23
ASV359	0	0	0	0	3	12	0	29
ASV360	0	0	0	0	0	16	13	15
ASV361	0	0	0	0	0	0	0	44
ASV362	23	0	8	12	0	0	0	0
ASV363	8	0	6	0	8	9	4	8
ASV364	0	17	14	12	0	0	0	0
ASV365	0	17	13	13	0	0	0	0
ASV366	32	0	10	0	0	0	0	0
ASV367	0	20	22	0	0	0	0	0
ASV368	0	13	11	18	0	0	0	0
ASV369	0	0	0	0	42	0	0	0
ASV370	0	0	0	0	0	0	14	28
ASV371	0	0	0	0	0	0	8	34
ASV372	0	10	9	17	5	0	0	0
ASV373	0	0	0	0	0	7	9	25
ASV374	40	0	0	0	0	0	0	0
ASV375	40	0	0	0	0	0	0	0
ASV376	20	20	0	0	0	0	0	0
ASV377	0	40	0	0	0	0	0	0
ASV378	0	13	0	27	0	0	0	0
ASV379	0	13	21	0	6	0	0	0
ASV380	0	8	13	19	0	0	0	0
ASV381	0	7	6	13	7	7	0	0
ASV382	0	6	0	0	0	12	0	22
ASV383	0	0	0	0	0	15	5	20
ASV384	25	14	0	0	0	0	0	0
ASV385	23	0	0	0	0	0	0	16
ASV386	0	0	0	39	0	0	0	0
ASV387	0	0	0	0	0	0	13	26
ASV388	0	0	0	0	0	0	0	39
ASV389	0	11	14	13	0	0	0	0
ASV390	0	0	17	21	0	0	0	0
ASV391	37	0	0	0	0	0	0	0
ASV392	7	0	0	0	0	7	12	11
ASV393	0	6	8	7	0	4	0	12
ASV394	0	0	0	0	0	16	8	13
ASV395	0	0	0	0	0	13	0	24
ASV396	0	0	0	0	0	36	0	0
ASV397	0	0	0	0	0	6	6	24
ASV398	0	0	0	0	0	0	0	36
ASV399	0	0	0	0	0	0	0	36
ASV400	9	0	0	0	0	0	11	15
ASV401	1	11	0	1	10	4	3	5
ASV402	0	0	0	0	35	0	0	0
ASV403	0	0	0	0	13	17	0	5
ASV404	34	0	0	0	0	0	0	0
ASV405	34	0	0	0	0	0	0	0
ASV406	13	0	7	8	6	0	0	0
ASV407	9	0	0	7	18	0	0	0
ASV408	0	0	34	0	0	0	0	0
ASV409	0	0	0	0	34	0	0	0
ASV410	0	0	0	0	34	0	0	0
ASV411	0	0	0	0	0	13	21	0
ASV412	0	0	0	0	0	0	0	34
ASV413	33	0	0	0	0	0	0	0
ASV414	0	0	15	18	0	0	0	0
ASV415	0	0	0	0	0	0	15	18
ASV416	0	0	0	0	0	0	0	33
ASV417	32	0	0	0	0	0	0	0
ASV418	22	0	10	0	0	0	0	0
ASV419	0	0	32	0	0	0	0	0
ASV420	0	0	5	0	7	9	0	11
ASV421	0	0	0	0	0	0	9	23
ASV422	0	0	0	0	0	0	0	32
ASV423	31	0	0	0	0	0	0	0
ASV424	31	0	0	0	0	0	0	0
ASV425	31	0	0	0	0	0	0	0
ASV426	11	10	0	10	0	0	0	0
ASV427	5	21	5	0	0	0	0	0
ASV428	0	0	0	0	22	9	0	0
ASV429	0	0	0	0	0	14	6	11
ASV430	0	0	0	0	0	0	6	25
ASV431	0	0	0	0	0	0	0	31
ASV432	0	0	0	0	0	0	0	31
ASV433	30	0	0	0	0	0	0	0
ASV434	30	0	0	0	0	0	0	0
ASV435	5	9	9	6	1	0	0	0
ASV436	0	13	7	10	0	0	0	0
ASV437	0	0	0	5	0	17	8	0
ASV438	0	0	0	0	30	0	0	0
ASV439	0	0	0	0	0	9	6	15
ASV440	0	0	0	0	0	0	0	30
ASV441	13	6	10	0	0	0	0	0
ASV442	0	29	0	0	0	0	0	0
ASV443	0	0	0	0	29	0	0	0
ASV444	0	0	0	0	0	6	8	15
ASV445	0	0	0	0	0	0	0	29
ASV446	0	0	0	0	0	0	0	29
ASV447	0	28	0	0	0	0	0	0
ASV448	0	28	0	0	0	0	0	0
ASV449	0	0	0	0	0	14	0	14
ASV450	0	0	0	0	0	0	28	0
ASV451	0	0	0	0	0	0	0	28
ASV452	0	0	0	0	0	0	0	28
ASV453	0	0	0	0	0	0	0	28
ASV454	27	0	0	0	0	0	0	0
ASV455	0	27	0	0	0	0	0	0
ASV456	0	0	0	0	27	0	0	0
ASV457	0	0	0	0	0	13	0	14
ASV458	0	0	0	0	0	0	7	20
ASV459	0	0	0	0	0	0	6	21
ASV460	0	0	0	0	0	0	3	24
ASV461	0	0	0	0	0	0	0	27
ASV462	0	0	0	0	0	0	0	27
ASV463	0	0	0	0	0	0	0	27
ASV464	26	0	0	0	0	0	0	0
ASV465	19	7	0	0	0	0	0	0
ASV466	8	6	8	0	4	0	0	0
ASV467	6	0	0	0	20	0	0	0
ASV468	1	1	0	1	8	0	5	10
ASV469	0	8	15	3	0	0	0	0
ASV470	0	0	0	0	0	0	0	26
ASV471	0	0	0	0	0	0	0	26
ASV472	0	0	0	0	0	0	0	26
ASV473	13	4	8	0	0	0	0	0
ASV474	12	5	4	4	0	0	0	0
ASV475	0	25	0	0	0	0	0	0
ASV476	0	9	13	0	0	0	3	0
ASV477	0	8	0	17	0	0	0	0
ASV478	0	0	25	0	0	0	0	0
ASV479	0	0	0	0	9	13	0	3
ASV480	0	0	0	0	0	14	0	11
ASV481	0	0	0	0	0	10	15	0
ASV482	0	0	0	0	0	0	17	8
ASV483	0	0	0	0	0	0	14	11
ASV484	0	0	0	0	0	0	8	17
ASV485	0	0	0	0	0	0	0	25
ASV486	24	0	0	0	0	0	0	0
ASV487	0	11	0	13	0	0	0	0
ASV488	0	0	5	10	0	0	9	0
ASV489	0	0	3	7	6	0	0	8
ASV490	0	0	0	24	0	0	0	0
ASV491	0	0	0	3	21	0	0	0
ASV492	0	0	0	0	0	24	0	0
ASV493	0	0	0	0	0	0	0	24
ASV494	0	0	0	0	0	0	0	24
ASV495	0	0	0	0	0	0	0	24
ASV496	0	0	0	0	0	0	0	24
ASV497	23	0	0	0	0	0	0	0
ASV498	17	0	0	6	0	0	0	0
ASV499	0	23	0	0	0	0	0	0
ASV500	0	0	10	13	0	0	0	0
ASV501	0	0	7	4	12	0	0	0
ASV502	0	0	0	0	23	0	0	0
ASV503	0	0	0	0	2	21	0	0
ASV504	0	0	0	0	0	0	9	14
ASV505	16	0	0	6	0	0	0	0
ASV506	0	22	0	0	0	0	0	0
ASV507	0	10	0	12	0	0	0	0
ASV508	0	0	0	0	22	0	0	0
ASV509	0	0	0	0	0	22	0	0
ASV510	0	0	0	0	0	0	0	22
ASV511	21	0	0	0	0	0	0	0
ASV512	11	0	10	0	0	0	0	0
ASV513	6	15	0	0	0	0	0	0
ASV514	6	3	0	0	6	3	3	0
ASV515	0	15	6	0	0	0	0	0
ASV516	0	0	21	0	0	0	0	0
ASV517	0	0	8	13	0	0	0	0
ASV518	0	0	0	0	21	0	0	0
ASV519	0	0	0	0	8	7	6	0
ASV520	0	0	0	0	0	11	10	0
ASV521	0	0	0	0	0	0	0	21
ASV522	0	0	0	0	0	0	0	21
ASV523	0	0	0	0	0	0	0	21
ASV524	20	0	0	0	0	0	0	0
ASV525	8	0	12	0	0	0	0	0
ASV526	0	0	16	4	0	0	0	0
ASV527	0	0	8	12	0	0	0	0
ASV528	0	0	0	20	0	0	0	0
ASV529	0	0	0	0	20	0	0	0
ASV530	0	0	0	0	20	0	0	0
ASV531	0	0	0	0	10	5	0	5
ASV532	0	0	0	0	0	20	0	0
ASV533	0	0	0	0	0	8	6	6
ASV534	0	0	0	0	0	0	20	0
ASV535	0	0	0	0	0	0	12	8
ASV536	0	0	0	0	0	0	0	20
ASV537	0	0	0	0	0	0	0	20
ASV538	0	0	0	0	0	0	0	20
ASV539	13	0	0	0	6	0	0	0
ASV540	12	7	0	0	0	0	0	0
ASV541	12	0	0	0	7	0	0	0
ASV542	9	0	0	0	10	0	0	0
ASV543	9	0	0	0	10	0	0	0
ASV544	9	10	0	0	0	0	0	0
ASV545	5	0	0	0	14	0	0	0
ASV546	1	0	11	0	0	0	0	7
ASV547	0	19	0	0	0	0	0	0
ASV548	0	7	12	0	0	0	0	0
ASV549	0	4	6	0	9	0	0	0
ASV550	0	0	19	0	0	0	0	0
ASV551	0	0	0	19	0	0	0	0
ASV552	0	0	0	13	6	0	0	0
ASV553	0	0	0	9	10	0	0	0
ASV554	0	0	0	0	19	0	0	0
ASV555	0	0	0	0	19	0	0	0
ASV556	0	0	0	0	19	0	0	0
ASV557	0	0	0	0	0	13	0	6
ASV558	0	0	0	0	0	0	0	19
ASV559	0	0	0	0	0	0	0	19
ASV560	0	0	0	0	0	0	0	19
ASV561	0	0	0	0	0	0	0	19
ASV562	0	0	0	0	0	0	0	19
ASV563	0	0	0	0	0	0	0	19
ASV564	18	0	0	0	0	0	0	0
ASV565	18	0	0	0	0	0	0	0
ASV566	0	18	0	0	0	0	0	0
ASV567	0	7	7	0	4	0	0	0
ASV568	0	0	18	0	0	0	0	0
ASV569	0	0	13	5	0	0	0	0
ASV570	0	0	0	18	0	0	0	0
ASV571	0	0	0	0	18	0	0	0
ASV572	0	0	0	0	0	0	9	9
ASV573	0	0	0	0	0	0	8	10
ASV574	0	0	0	0	0	0	0	18
ASV575	0	0	0	0	0	0	0	18
ASV576	0	0	0	0	0	0	0	18
ASV577	0	0	0	0	0	0	0	18
ASV578	0	0	0	0	0	0	0	18
ASV579	0	0	0	0	0	0	0	18
ASV580	0	0	0	0	0	0	0	18
ASV581	0	12	5	0	0	0	0	0
ASV582	0	10	0	7	0	0	0	0
ASV583	0	0	17	0	0	0	0	0
ASV584	0	0	17	0	0	0	0	0
ASV585	0	0	0	8	0	0	0	9
ASV586	0	0	0	0	6	4	7	0
ASV587	0	0	0	0	0	17	0	0
ASV588	0	0	0	0	0	4	0	13
ASV589	0	0	0	0	0	0	17	0
ASV590	0	0	0	0	0	0	0	17
ASV591	0	0	0	0	0	0	0	17
ASV592	0	0	0	0	0	0	0	17
ASV593	16	0	0	0	0	0	0	0
ASV594	16	0	0	0	0	0	0	0
ASV595	0	16	0	0	0	0	0	0
ASV596	0	0	16	0	0	0	0	0
ASV597	0	0	16	0	0	0	0	0
ASV598	0	0	0	0	16	0	0	0
ASV599	0	0	0	0	0	16	0	0
ASV600	0	0	0	0	0	5	0	11
ASV601	0	0	0	0	0	3	4	9
ASV602	0	0	0	0	0	0	16	0
ASV603	0	0	0	0	0	0	0	16
ASV604	0	0	0	0	0	0	0	16
ASV605	0	0	0	0	0	0	0	16
ASV606	0	0	0	0	0	0	0	16
ASV607	0	0	0	0	0	0	0	16
ASV608	0	0	0	0	0	0	0	16
ASV609	15	0	0	0	0	0	0	0
ASV610	15	0	0	0	0	0	0	0
ASV611	8	7	0	0	0	0	0	0
ASV612	0	15	0	0	0	0	0	0
ASV613	0	15	0	0	0	0	0	0
ASV614	0	5	0	0	0	0	0	10
ASV615	0	0	15	0	0	0	0	0
ASV616	0	0	0	15	0	0	0	0
ASV617	0	0	0	0	15	0	0	0
ASV618	0	0	0	0	0	15	0	0
ASV619	0	0	0	0	0	6	9	0
ASV620	0	0	0	0	0	0	15	0
ASV621	0	0	0	0	0	0	8	7
ASV622	0	0	0	0	0	0	7	8
ASV623	0	0	0	0	0	0	0	15
ASV624	0	0	0	0	0	0	0	15
ASV625	0	0	0	0	0	0	0	15
ASV626	0	0	0	0	0	0	0	15
ASV627	0	0	0	0	0	0	0	15
ASV628	0	0	0	0	0	0	0	15
ASV629	0	0	0	0	0	0	0	15
ASV630	0	0	0	0	0	0	0	15
ASV631	0	0	0	0	0	0	0	15
ASV632	0	0	0	0	0	0	0	15
ASV633	14	0	0	0	0	0	0	0
ASV634	14	0	0	0	0	0	0	0
ASV635	0	14	0	0	0	0	0	0
ASV636	0	14	0	0	0	0	0	0
ASV637	0	9	5	0	0	0	0	0
ASV638	0	8	6	0	0	0	0	0
ASV639	0	4	0	10	0	0	0	0
ASV640	0	2	0	0	0	5	0	7
ASV641	0	0	6	4	0	4	0	0
ASV642	0	0	0	11	0	0	3	0
ASV643	0	0	0	11	0	3	0	0
ASV644	0	0	0	0	14	0	0	0
ASV645	0	0	0	0	14	0	0	0
ASV646	0	0	0	0	14	0	0	0
ASV647	0	0	0	0	14	0	0	0
ASV648	0	0	0	0	14	0	0	0
ASV649	0	0	0	0	14	0	0	0
ASV650	0	0	0	0	0	10	4	0
ASV651	0	0	0	0	0	6	0	8
ASV652	0	0	0	0	0	0	0	14
ASV653	0	0	0	0	0	0	0	14
ASV654	0	0	0	0	0	0	0	14
ASV655	0	0	0	0	0	0	0	14
ASV656	0	0	0	0	0	0	0	14
ASV657	13	0	0	0	0	0	0	0
ASV658	13	0	0	0	0	0	0	0
ASV659	13	0	0	0	0	0	0	0
ASV660	8	0	5	0	0	0	0	0
ASV661	0	13	0	0	0	0	0	0
ASV662	0	13	0	0	0	0	0	0
ASV663	0	13	0	0	0	0	0	0
ASV664	0	7	6	0	0	0	0	0
ASV665	0	5	8	0	0	0	0	0
ASV666	0	0	13	0	0	0	0	0
ASV667	0	0	13	0	0	0	0	0
ASV668	0	0	0	8	5	0	0	0
ASV669	0	0	0	0	13	0	0	0
ASV670	0	0	0	0	13	0	0	0
ASV671	0	0	0	0	0	4	0	9
ASV672	0	0	0	0	0	0	4	9
ASV673	0	0	0	0	0	0	0	13
ASV674	0	0	0	0	0	0	0	13
ASV675	0	0	0	0	0	0	0	13
ASV676	0	0	0	0	0	0	0	13
ASV677	0	0	0	0	0	0	0	13
ASV678	0	0	0	0	0	0	0	13
ASV679	0	0	0	0	0	0	0	13
ASV680	0	0	0	0	0	0	0	13
ASV681	0	0	0	0	0	0	0	13
ASV682	12	0	0	0	0	0	0	0
ASV683	12	0	0	0	0	0	0	0
ASV684	12	0	0	0	0	0	0	0
ASV685	0	12	0	0	0	0	0	0
ASV686	0	5	0	7	0	0	0	0
ASV687	0	3	5	0	4	0	0	0
ASV688	0	0	12	0	0	0	0	0
ASV689	0	0	7	5	0	0	0	0
ASV690	0	0	0	12	0	0	0	0
ASV691	0	0	0	12	0	0	0	0
ASV692	0	0	0	0	12	0	0	0
ASV693	0	0	0	0	12	0	0	0
ASV694	0	0	0	0	0	12	0	0
ASV695	0	0	0	0	0	12	0	0
ASV696	0	0	0	0	0	2	6	4
ASV697	0	0	0	0	0	0	12	0
ASV698	0	0	0	0	0	0	3	9
ASV699	0	0	0	0	0	0	0	12
ASV700	0	0	0	0	0	0	0	12
ASV701	0	0	0	0	0	0	0	12
ASV702	0	0	0	0	0	0	0	12
ASV703	0	0	0	0	0	0	0	12
ASV704	0	0	0	0	0	0	0	12
ASV705	0	0	0	0	0	0	0	12
ASV706	11	0	0	0	0	0	0	0
ASV707	11	0	0	0	0	0	0	0
ASV708	11	0	0	0	0	0	0	0
ASV709	11	0	0	0	0	0	0	0
ASV710	11	0	0	0	0	0	0	0
ASV711	11	0	0	0	0	0	0	0
ASV712	5	6	0	0	0	0	0	0
ASV713	0	11	0	0	0	0	0	0
ASV714	0	11	0	0	0	0	0	0
ASV715	0	11	0	0	0	0	0	0
ASV716	0	0	0	0	11	0	0	0
ASV717	0	0	0	0	11	0	0	0
ASV718	0	0	0	0	6	0	0	5
ASV719	0	0	0	0	0	6	5	0
ASV720	0	0	0	0	0	5	0	6
ASV721	0	0	0	0	0	0	5	6
ASV722	0	0	0	0	0	0	0	11
ASV723	0	0	0	0	0	0	0	11
ASV724	0	0	0	0	0	0	0	11
ASV725	0	0	0	0	0	0	0	11
ASV726	0	0	0	0	0	0	0	11
ASV727	0	0	0	0	0	0	0	11
ASV728	0	0	0	0	0	0	0	11
ASV729	0	0	0	0	0	0	0	11
ASV730	0	0	0	0	0	0	0	11
ASV731	0	0	0	0	0	0	0	11
ASV732	0	0	0	0	0	0	0	11
ASV733	0	0	0	0	0	0	0	11
ASV734	0	0	0	0	0	0	0	11
ASV735	10	0	0	0	0	0	0	0
ASV736	10	0	0	0	0	0	0	0
ASV737	10	0	0	0	0	0	0	0
ASV738	0	10	0	0	0	0	0	0
ASV739	0	10	0	0	0	0	0	0
ASV740	0	7	0	3	0	0	0	0
ASV741	0	0	10	0	0	0	0	0
ASV742	0	0	0	0	10	0	0	0
ASV743	0	0	0	0	10	0	0	0
ASV744	0	0	0	0	10	0	0	0
ASV745	0	0	0	0	10	0	0	0
ASV746	0	0	0	0	10	0	0	0
ASV747	0	0	0	0	0	10	0	0
ASV748	0	0	0	0	0	0	10	0
ASV749	0	0	0	0	0	0	10	0
ASV750	0	0	0	0	0	0	0	10
ASV751	0	0	0	0	0	0	0	10
ASV752	0	0	0	0	0	0	0	10
ASV753	0	0	0	0	0	0	0	10
ASV754	0	0	0	0	0	0	0	10
ASV755	0	0	0	0	0	0	0	10
ASV756	0	0	0	0	0	0	0	10
ASV757	0	0	0	0	0	0	0	10
ASV758	0	0	0	0	0	0	0	10
ASV759	9	0	0	0	0	0	0	0
ASV760	9	0	0	0	0	0	0	0
ASV761	9	0	0	0	0	0	0	0
ASV762	9	0	0	0	0	0	0	0
ASV763	6	0	3	0	0	0	0	0
ASV764	6	0	0	0	0	0	3	0
ASV765	0	9	0	0	0	0	0	0
ASV766	0	9	0	0	0	0	0	0
ASV767	0	9	0	0	0	0	0	0
ASV768	0	0	9	0	0	0	0	0
ASV769	0	0	9	0	0	0	0	0
ASV770	0	0	5	4	0	0	0	0
ASV771	0	0	0	9	0	0	0	0
ASV772	0	0	0	0	9	0	0	0
ASV773	0	0	0	0	9	0	0	0
ASV774	0	0	0	0	0	9	0	0
ASV775	0	0	0	0	0	9	0	0
ASV776	0	0	0	0	0	9	0	0
ASV777	0	0	0	0	0	9	0	0
ASV778	0	0	0	0	0	0	9	0
ASV779	0	0	0	0	0	0	5	4
ASV780	0	0	0	0	0	0	0	9
ASV781	0	0	0	0	0	0	0	9
ASV782	0	0	0	0	0	0	0	9
ASV783	0	0	0	0	0	0	0	9
ASV784	0	0	0	0	0	0	0	9
ASV785	0	0	0	0	0	0	0	9
ASV786	0	0	0	0	0	0	0	9
ASV787	0	0	0	0	0	0	0	9
ASV788	0	0	0	0	0	0	0	9
ASV789	0	0	0	0	0	0	0	9
ASV790	0	0	0	0	0	0	0	9
ASV791	0	0	0	0	0	0	0	9
ASV792	0	0	0	0	0	0	0	9
ASV793	0	0	0	0	0	0	0	9
ASV794	8	0	0	0	0	0	0	0
ASV795	8	0	0	0	0	0	0	0
ASV796	8	0	0	0	0	0	0	0
ASV797	8	0	0	0	0	0	0	0
ASV798	8	0	0	0	0	0	0	0
ASV799	0	8	0	0	0	0	0	0
ASV800	0	8	0	0	0	0	0	0
ASV801	0	8	0	0	0	0	0	0
ASV802	0	2	3	3	0	0	0	0
ASV803	0	0	8	0	0	0	0	0
ASV804	0	0	8	0	0	0	0	0
ASV805	0	0	8	0	0	0	0	0
ASV806	0	0	1	0	0	7	0	0
ASV807	0	0	0	8	0	0	0	0
ASV808	0	0	0	0	8	0	0	0
ASV809	0	0	0	0	8	0	0	0
ASV810	0	0	0	0	8	0	0	0
ASV811	0	0	0	0	8	0	0	0
ASV812	0	0	0	0	8	0	0	0
ASV813	0	0	0	0	0	8	0	0
ASV814	0	0	0	0	0	8	0	0
ASV815	0	0	0	0	0	8	0	0
ASV816	0	0	0	0	0	8	0	0
ASV817	0	0	0	0	0	0	8	0
ASV818	0	0	0	0	0	0	2	6
ASV819	0	0	0	0	0	0	0	8
ASV820	0	0	0	0	0	0	0	8
ASV821	0	0	0	0	0	0	0	8
ASV822	0	0	0	0	0	0	0	8
ASV823	0	0	0	0	0	0	0	8
ASV824	0	0	0	0	0	0	0	8
ASV825	0	0	0	0	0	0	0	8
ASV826	7	0	0	0	0	0	0	0
ASV827	7	0	0	0	0	0	0	0
ASV828	7	0	0	0	0	0	0	0
ASV829	7	0	0	0	0	0	0	0
ASV830	7	0	0	0	0	0	0	0
ASV831	7	0	0	0	0	0	0	0
ASV832	7	0	0	0	0	0	0	0
ASV833	7	0	0	0	0	0	0	0
ASV834	7	0	0	0	0	0	0	0
ASV835	7	0	0	0	0	0	0	0
ASV836	7	0	0	0	0	0	0	0
ASV837	0	7	0	0	0	0	0	0
ASV838	0	7	0	0	0	0	0	0
ASV839	0	7	0	0	0	0	0	0
ASV840	0	7	0	0	0	0	0	0
ASV841	0	7	0	0	0	0	0	0
ASV842	0	7	0	0	0	0	0	0
ASV843	0	7	0	0	0	0	0	0
ASV844	0	4	0	0	0	0	0	3
ASV845	0	4	3	0	0	0	0	0
ASV846	0	0	7	0	0	0	0	0
ASV847	0	0	7	0	0	0	0	0
ASV848	0	0	7	0	0	0	0	0
ASV849	0	0	7	0	0	0	0	0
ASV850	0	0	0	7	0	0	0	0
ASV851	0	0	0	7	0	0	0	0
ASV852	0	0	0	0	7	0	0	0
ASV853	0	0	0	0	7	0	0	0
ASV854	0	0	0	0	7	0	0	0
ASV855	0	0	0	0	7	0	0	0
ASV856	0	0	0	0	7	0	0	0
ASV857	0	0	0	0	0	7	0	0
ASV858	0	0	0	0	0	7	0	0
ASV859	0	0	0	0	0	0	7	0
ASV860	0	0	0	0	0	0	7	0
ASV861	0	0	0	0	0	0	7	0
ASV862	0	0	0	0	0	0	3	4
ASV863	0	0	0	0	0	0	0	7
ASV864	0	0	0	0	0	0	0	7
ASV865	0	0	0	0	0	0	0	7
ASV866	0	0	0	0	0	0	0	7
ASV867	0	0	0	0	0	0	0	7
ASV868	0	0	0	0	0	0	0	7
ASV869	0	0	0	0	0	0	0	7
ASV870	0	0	0	0	0	0	0	7
ASV871	0	0	0	0	0	0	0	7
ASV872	0	0	0	0	0	0	0	7
ASV873	0	0	0	0	0	0	0	7
ASV874	0	0	0	0	0	0	0	7
ASV875	0	0	0	0	0	0	0	7
ASV876	0	0	0	0	0	0	0	7
ASV877	0	0	0	0	0	0	0	7
ASV878	0	0	0	0	0	0	0	7
ASV879	6	0	0	0	0	0	0	0
ASV880	6	0	0	0	0	0	0	0
ASV881	6	0	0	0	0	0	0	0
ASV882	2	0	4	0	0	0	0	0
ASV883	0	6	0	0	0	0	0	0
ASV884	0	6	0	0	0	0	0	0
ASV885	0	6	0	0	0	0	0	0
ASV886	0	6	0	0	0	0	0	0
ASV887	0	0	6	0	0	0	0	0
ASV888	0	0	6	0	0	0	0	0
ASV889	0	0	6	0	0	0	0	0
ASV890	0	0	6	0	0	0	0	0
ASV891	0	0	6	0	0	0	0	0
ASV892	0	0	6	0	0	0	0	0
ASV893	0	0	6	0	0	0	0	0
ASV894	0	0	6	0	0	0	0	0
ASV895	0	0	6	0	0	0	0	0
ASV896	0	0	6	0	0	0	0	0
ASV897	0	0	6	0	0	0	0	0
ASV898	0	0	6	0	0	0	0	0
ASV899	0	0	3	3	0	0	0	0
ASV900	0	0	0	6	0	0	0	0
ASV901	0	0	0	6	0	0	0	0
ASV902	0	0	0	6	0	0	0	0
ASV903	0	0	0	6	0	0	0	0
ASV904	0	0	0	6	0	0	0	0
ASV905	0	0	0	0	6	0	0	0
ASV906	0	0	0	0	6	0	0	0
ASV907	0	0	0	0	6	0	0	0
ASV908	0	0	0	0	3	0	0	3
ASV909	0	0	0	0	2	0	0	4
ASV910	0	0	0	0	0	6	0	0
ASV911	0	0	0	0	0	6	0	0
ASV912	0	0	0	0	0	6	0	0
ASV913	0	0	0	0	0	6	0	0
ASV914	0	0	0	0	0	6	0	0
ASV915	0	0	0	0	0	6	0	0
ASV916	0	0	0	0	0	0	6	0
ASV917	0	0	0	0	0	0	6	0
ASV918	0	0	0	0	0	0	6	0
ASV919	0	0	0	0	0	0	6	0
ASV920	0	0	0	0	0	0	6	0
ASV921	0	0	0	0	0	0	2	4
ASV922	0	0	0	0	0	0	0	6
ASV923	0	0	0	0	0	0	0	6
ASV924	0	0	0	0	0	0	0	6
ASV925	0	0	0	0	0	0	0	6
ASV926	0	0	0	0	0	0	0	6
ASV927	0	0	0	0	0	0	0	6
ASV928	0	0	0	0	0	0	0	6
ASV929	0	0	0	0	0	0	0	6
ASV930	0	0	0	0	0	0	0	6
ASV931	0	0	0	0	0	0	0	6
ASV932	0	0	0	0	0	0	0	6
ASV933	0	0	0	0	0	0	0	6
ASV934	0	0	0	0	0	0	0	6
ASV935	0	0	0	0	0	0	0	6
ASV936	0	0	0	0	0	0	0	6
ASV937	5	0	0	0	0	0	0	0
ASV938	5	0	0	0	0	0	0	0
ASV939	5	0	0	0	0	0	0	0
ASV940	5	0	0	0	0	0	0	0
ASV941	5	0	0	0	0	0	0	0
ASV942	0	5	0	0	0	0	0	0
ASV943	0	5	0	0	0	0	0	0
ASV944	0	5	0	0	0	0	0	0
ASV945	0	5	0	0	0	0	0	0
ASV946	0	5	0	0	0	0	0	0
ASV947	0	5	0	0	0	0	0	0
ASV948	0	5	0	0	0	0	0	0
ASV949	0	5	0	0	0	0	0	0
ASV950	0	5	0	0	0	0	0	0
ASV951	0	0	5	0	0	0	0	0
ASV952	0	0	5	0	0	0	0	0
ASV953	0	0	5	0	0	0	0	0
ASV954	0	0	0	5	0	0	0	0
ASV955	0	0	0	5	0	0	0	0
ASV956	0	0	0	5	0	0	0	0
ASV957	0	0	0	5	0	0	0	0
ASV958	0	0	0	5	0	0	0	0
ASV959	0	0	0	5	0	0	0	0
ASV960	0	0	0	0	5	0	0	0
ASV961	0	0	0	0	5	0	0	0
ASV962	0	0	0	0	5	0	0	0
ASV963	0	0	0	0	5	0	0	0
ASV964	0	0	0	0	5	0	0	0
ASV965	0	0	0	0	5	0	0	0
ASV966	0	0	0	0	0	5	0	0
ASV967	0	0	0	0	0	5	0	0
ASV968	0	0	0	0	0	5	0	0
ASV969	0	0	0	0	0	5	0	0
ASV970	0	0	0	0	0	0	5	0
ASV971	0	0	0	0	0	0	5	0
ASV972	0	0	0	0	0	0	5	0
ASV973	0	0	0	0	0	0	5	0
ASV974	0	0	0	0	0	0	5	0
ASV975	0	0	0	0	0	0	5	0
ASV976	0	0	0	0	0	0	5	0
ASV977	0	0	0	0	0	0	5	0
ASV978	0	0	0	0	0	0	5	0
ASV979	0	0	0	0	0	0	5	0
ASV980	0	0	0	0	0	0	5	0
ASV981	0	0	0	0	0	0	2	3
ASV982	0	0	0	0	0	0	0	5
ASV983	0	0	0	0	0	0	0	5
ASV984	0	0	0	0	0	0	0	5
ASV985	0	0	0	0	0	0	0	5
ASV986	0	0	0	0	0	0	0	5
ASV987	0	0	0	0	0	0	0	5
ASV988	0	0	0	0	0	0	0	5
ASV989	0	0	0	0	0	0	0	5
ASV990	0	0	0	0	0	0	0	5
ASV991	0	0	0	0	0	0	0	5
ASV992	0	0	0	0	0	0	0	5
ASV993	0	0	0	0	0	0	0	5
ASV994	0	0	0	0	0	0	0	5
ASV995	0	0	0	0	0	0	0	5
ASV996	0	0	0	0	0	0	0	5
ASV997	0	0	0	0	0	0	0	5
ASV998	0	0	0	0	0	0	0	5
ASV999	0	0	0	0	0	0	0	5
ASV1000	0	0	0	0	0	0	0	5
ASV1001	0	0	0	0	0	0	0	5
ASV1002	0	0	0	0	0	0	0	5
ASV1003	0	0	0	0	0	0	0	5
ASV1004	4	0	0	0	0	0	0	0
ASV1005	4	0	0	0	0	0	0	0
ASV1006	4	0	0	0	0	0	0	0
ASV1007	4	0	0	0	0	0	0	0
ASV1008	4	0	0	0	0	0	0	0
ASV1009	4	0	0	0	0	0	0	0
ASV1010	4	0	0	0	0	0	0	0
ASV1011	0	4	0	0	0	0	0	0
ASV1012	0	4	0	0	0	0	0	0
ASV1013	0	4	0	0	0	0	0	0
ASV1014	0	4	0	0	0	0	0	0
ASV1015	0	4	0	0	0	0	0	0
ASV1016	0	4	0	0	0	0	0	0
ASV1017	0	4	0	0	0	0	0	0
ASV1018	0	4	0	0	0	0	0	0
ASV1019	0	4	0	0	0	0	0	0
ASV1020	0	0	4	0	0	0	0	0
ASV1021	0	0	4	0	0	0	0	0
ASV1022	0	0	4	0	0	0	0	0
ASV1023	0	0	4	0	0	0	0	0
ASV1024	0	0	4	0	0	0	0	0
ASV1025	0	0	4	0	0	0	0	0
ASV1026	0	0	4	0	0	0	0	0
ASV1027	0	0	4	0	0	0	0	0
ASV1028	0	0	4	0	0	0	0	0
ASV1029	0	0	4	0	0	0	0	0
ASV1030	0	0	4	0	0	0	0	0
ASV1031	0	0	0	4	0	0	0	0
ASV1032	0	0	0	4	0	0	0	0
ASV1033	0	0	0	4	0	0	0	0
ASV1034	0	0	0	4	0	0	0	0
ASV1035	0	0	0	4	0	0	0	0
ASV1036	0	0	0	0	4	0	0	0
ASV1037	0	0	0	0	4	0	0	0
ASV1038	0	0	0	0	4	0	0	0
ASV1039	0	0	0	0	4	0	0	0
ASV1040	0	0	0	0	4	0	0	0
ASV1041	0	0	0	0	4	0	0	0
ASV1042	0	0	0	0	4	0	0	0
ASV1043	0	0	0	0	4	0	0	0
ASV1044	0	0	0	0	4	0	0	0
ASV1045	0	0	0	0	4	0	0	0
ASV1046	0	0	0	0	4	0	0	0
ASV1047	0	0	0	0	4	0	0	0
ASV1048	0	0	0	0	4	0	0	0
ASV1049	0	0	0	0	4	0	0	0
ASV1050	0	0	0	0	4	0	0	0
ASV1051	0	0	0	0	4	0	0	0
ASV1052	0	0	0	0	4	0	0	0
ASV1053	0	0	0	0	0	4	0	0
ASV1054	0	0	0	0	0	4	0	0
ASV1055	0	0	0	0	0	4	0	0
ASV1056	0	0	0	0	0	4	0	0
ASV1057	0	0	0	0	0	4	0	0
ASV1058	0	0	0	0	0	4	0	0
ASV1059	0	0	0	0	0	4	0	0
ASV1060	0	0	0	0	0	4	0	0
ASV1061	0	0	0	0	0	2	0	2
ASV1062	0	0	0	0	0	0	4	0
ASV1063	0	0	0	0	0	0	4	0
ASV1064	0	0	0	0	0	0	4	0
ASV1065	0	0	0	0	0	0	4	0
ASV1066	0	0	0	0	0	0	4	0
ASV1067	0	0	0	0	0	0	4	0
ASV1068	0	0	0	0	0	0	4	0
ASV1069	0	0	0	0	0	0	0	4
ASV1070	0	0	0	0	0	0	0	4
ASV1071	0	0	0	0	0	0	0	4
ASV1072	0	0	0	0	0	0	0	4
ASV1073	0	0	0	0	0	0	0	4
ASV1074	0	0	0	0	0	0	0	4
ASV1075	0	0	0	0	0	0	0	4
ASV1076	0	0	0	0	0	0	0	4
ASV1077	0	0	0	0	0	0	0	4
ASV1078	0	0	0	0	0	0	0	4
ASV1079	0	0	0	0	0	0	0	4
ASV1080	0	0	0	0	0	0	0	4
ASV1081	0	0	0	0	0	0	0	4
ASV1082	0	0	0	0	0	0	0	4
ASV1083	0	0	0	0	0	0	0	4
ASV1084	0	0	0	0	0	0	0	4
ASV1085	0	0	0	0	0	0	0	4
ASV1086	0	0	0	0	0	0	0	4
ASV1087	0	0	0	0	0	0	0	4
ASV1088	0	0	0	0	0	0	0	4
ASV1089	0	0	0	0	0	0	0	4
ASV1090	0	0	0	0	0	0	0	4
ASV1091	0	0	0	0	0	0	0	4
ASV1092	3	0	0	0	0	0	0	0
ASV1093	3	0	0	0	0	0	0	0
ASV1094	3	0	0	0	0	0	0	0
ASV1095	3	0	0	0	0	0	0	0
ASV1096	3	0	0	0	0	0	0	0
ASV1097	3	0	0	0	0	0	0	0
ASV1098	3	0	0	0	0	0	0	0
ASV1099	3	0	0	0	0	0	0	0
ASV1100	3	0	0	0	0	0	0	0
ASV1101	3	0	0	0	0	0	0	0
ASV1102	3	0	0	0	0	0	0	0
ASV1103	3	0	0	0	0	0	0	0
ASV1104	3	0	0	0	0	0	0	0
ASV1105	3	0	0	0	0	0	0	0
ASV1106	3	0	0	0	0	0	0	0
ASV1107	3	0	0	0	0	0	0	0
ASV1108	0	3	0	0	0	0	0	0
ASV1109	0	3	0	0	0	0	0	0
ASV1110	0	3	0	0	0	0	0	0
ASV1111	0	3	0	0	0	0	0	0
ASV1112	0	3	0	0	0	0	0	0
ASV1113	0	3	0	0	0	0	0	0
ASV1114	0	3	0	0	0	0	0	0
ASV1115	0	3	0	0	0	0	0	0
ASV1116	0	3	0	0	0	0	0	0
ASV1117	0	3	0	0	0	0	0	0
ASV1118	0	3	0	0	0	0	0	0
ASV1119	0	0	3	0	0	0	0	0
ASV1120	0	0	3	0	0	0	0	0
ASV1121	0	0	3	0	0	0	0	0
ASV1122	0	0	3	0	0	0	0	0
ASV1123	0	0	3	0	0	0	0	0
ASV1124	0	0	3	0	0	0	0	0
ASV1125	0	0	3	0	0	0	0	0
ASV1126	0	0	3	0	0	0	0	0
ASV1127	0	0	3	0	0	0	0	0
ASV1128	0	0	3	0	0	0	0	0
ASV1129	0	0	3	0	0	0	0	0
ASV1130	0	0	3	0	0	0	0	0
ASV1131	0	0	0	3	0	0	0	0
ASV1132	0	0	0	3	0	0	0	0
ASV1133	0	0	0	3	0	0	0	0
ASV1134	0	0	0	3	0	0	0	0
ASV1135	0	0	0	3	0	0	0	0
ASV1136	0	0	0	3	0	0	0	0
ASV1137	0	0	0	3	0	0	0	0
ASV1138	0	0	0	0	3	0	0	0
ASV1139	0	0	0	0	3	0	0	0
ASV1140	0	0	0	0	3	0	0	0
ASV1141	0	0	0	0	3	0	0	0
ASV1142	0	0	0	0	3	0	0	0
ASV1143	0	0	0	0	3	0	0	0
ASV1144	0	0	0	0	3	0	0	0
ASV1145	0	0	0	0	3	0	0	0
ASV1146	0	0	0	0	3	0	0	0
ASV1147	0	0	0	0	3	0	0	0
ASV1148	0	0	0	0	3	0	0	0
ASV1149	0	0	0	0	3	0	0	0
ASV1150	0	0	0	0	3	0	0	0
ASV1151	0	0	0	0	3	0	0	0
ASV1152	0	0	0	0	3	0	0	0
ASV1153	0	0	0	0	3	0	0	0
ASV1154	0	0	0	0	3	0	0	0
ASV1155	0	0	0	0	3	0	0	0
ASV1156	0	0	0	0	0	3	0	0
ASV1157	0	0	0	0	0	3	0	0
ASV1158	0	0	0	0	0	3	0	0
ASV1159	0	0	0	0	0	3	0	0
ASV1160	0	0	0	0	0	3	0	0
ASV1161	0	0	0	0	0	3	0	0
ASV1162	0	0	0	0	0	0	3	0
ASV1163	0	0	0	0	0	0	3	0
ASV1164	0	0	0	0	0	0	3	0
ASV1165	0	0	0	0	0	0	3	0
ASV1166	0	0	0	0	0	0	3	0
ASV1167	0	0	0	0	0	0	3	0
ASV1168	0	0	0	0	0	0	3	0
ASV1169	0	0	0	0	0	0	3	0
ASV1170	0	0	0	0	0	0	3	0
ASV1171	0	0	0	0	0	0	3	0
ASV1172	0	0	0	0	0	0	0	3
ASV1173	0	0	0	0	0	0	0	3
ASV1174	0	0	0	0	0	0	0	3
ASV1175	0	0	0	0	0	0	0	3
ASV1176	0	0	0	0	0	0	0	3
ASV1177	0	0	0	0	0	0	0	3
ASV1178	0	0	0	0	0	0	0	3
ASV1179	0	0	0	0	0	0	0	3
ASV1180	0	0	0	0	0	0	0	3
ASV1181	0	0	0	0	0	0	0	3
ASV1182	0	0	0	0	0	0	0	3
ASV1183	0	0	0	0	0	0	0	3
ASV1184	0	0	0	0	0	0	0	3
ASV1185	0	0	0	0	0	0	0	3
ASV1186	0	0	0	0	0	0	0	3
ASV1187	0	0	0	0	0	0	0	3
ASV1188	0	0	0	0	0	0	0	3
ASV1189	0	0	0	0	0	0	0	3
ASV1190	0	0	0	0	0	0	0	3
ASV1191	0	0	0	0	0	0	0	3
ASV1192	0	0	0	0	0	0	0	3
ASV1193	0	0	0	0	0	0	0	3
ASV1194	0	0	0	0	0	0	0	3
ASV1195	0	0	0	0	0	0	0	3
ASV1196	2	0	0	0	0	0	0	0
ASV1197	2	0	0	0	0	0	0	0
ASV1198	2	0	0	0	0	0	0	0
ASV1199	2	0	0	0	0	0	0	0
ASV1200	2	0	0	0	0	0	0	0
ASV1201	2	0	0	0	0	0	0	0
ASV1202	2	0	0	0	0	0	0	0
ASV1203	2	0	0	0	0	0	0	0
ASV1204	2	0	0	0	0	0	0	0
ASV1205	2	0	0	0	0	0	0	0
ASV1206	2	0	0	0	0	0	0	0
ASV1207	2	0	0	0	0	0	0	0
ASV1208	2	0	0	0	0	0	0	0
ASV1209	2	0	0	0	0	0	0	0
ASV1210	2	0	0	0	0	0	0	0
ASV1211	2	0	0	0	0	0	0	0
ASV1212	2	0	0	0	0	0	0	0
ASV1213	2	0	0	0	0	0	0	0
ASV1214	2	0	0	0	0	0	0	0
ASV1215	2	0	0	0	0	0	0	0
ASV1216	2	0	0	0	0	0	0	0
ASV1217	2	0	0	0	0	0	0	0
ASV1218	2	0	0	0	0	0	0	0
ASV1219	2	0	0	0	0	0	0	0
ASV1220	2	0	0	0	0	0	0	0
ASV1221	2	0	0	0	0	0	0	0
ASV1222	2	0	0	0	0	0	0	0
ASV1223	2	0	0	0	0	0	0	0
ASV1224	2	0	0	0	0	0	0	0
ASV1225	2	0	0	0	0	0	0	0
ASV1226	0	2	0	0	0	0	0	0
ASV1227	0	2	0	0	0	0	0	0
ASV1228	0	2	0	0	0	0	0	0
ASV1229	0	2	0	0	0	0	0	0
ASV1230	0	2	0	0	0	0	0	0
ASV1231	0	2	0	0	0	0	0	0
ASV1232	0	2	0	0	0	0	0	0
ASV1233	0	2	0	0	0	0	0	0
ASV1234	0	2	0	0	0	0	0	0
ASV1235	0	2	0	0	0	0	0	0
ASV1236	0	2	0	0	0	0	0	0
ASV1237	0	2	0	0	0	0	0	0
ASV1238	0	2	0	0	0	0	0	0
ASV1239	0	2	0	0	0	0	0	0
ASV1240	0	1	0	1	0	0	0	0
ASV1241	0	0	2	0	0	0	0	0
ASV1242	0	0	2	0	0	0	0	0
ASV1243	0	0	2	0	0	0	0	0
ASV1244	0	0	2	0	0	0	0	0
ASV1245	0	0	2	0	0	0	0	0
ASV1246	0	0	2	0	0	0	0	0
ASV1247	0	0	2	0	0	0	0	0
ASV1248	0	0	2	0	0	0	0	0
ASV1249	0	0	2	0	0	0	0	0
ASV1250	0	0	2	0	0	0	0	0
ASV1251	0	0	2	0	0	0	0	0
ASV1252	0	0	2	0	0	0	0	0
ASV1253	0	0	2	0	0	0	0	0
ASV1254	0	0	2	0	0	0	0	0
ASV1255	0	0	2	0	0	0	0	0
ASV1256	0	0	2	0	0	0	0	0
ASV1257	0	0	0	2	0	0	0	0
ASV1258	0	0	0	0	2	0	0	0
ASV1259	0	0	0	0	2	0	0	0
ASV1260	0	0	0	0	2	0	0	0
ASV1261	0	0	0	0	2	0	0	0
ASV1262	0	0	0	0	2	0	0	0
ASV1263	0	0	0	0	2	0	0	0
ASV1264	0	0	0	0	2	0	0	0
ASV1265	0	0	0	0	2	0	0	0
ASV1266	0	0	0	0	2	0	0	0
ASV1267	0	0	0	0	2	0	0	0
ASV1268	0	0	0	0	2	0	0	0
ASV1269	0	0	0	0	2	0	0	0
ASV1270	0	0	0	0	2	0	0	0
ASV1271	0	0	0	0	2	0	0	0
ASV1272	0	0	0	0	2	0	0	0
ASV1273	0	0	0	0	2	0	0	0
ASV1274	0	0	0	0	2	0	0	0
ASV1275	0	0	0	0	2	0	0	0
ASV1276	0	0	0	0	2	0	0	0
ASV1277	0	0	0	0	2	0	0	0
ASV1278	0	0	0	0	2	0	0	0
ASV1279	0	0	0	0	2	0	0	0
ASV1280	0	0	0	0	2	0	0	0
ASV1281	0	0	0	0	2	0	0	0
ASV1282	0	0	0	0	2	0	0	0
ASV1283	0	0	0	0	2	0	0	0
ASV1284	0	0	0	0	2	0	0	0
ASV1285	0	0	0	0	2	0	0	0
ASV1286	0	0	0	0	2	0	0	0
ASV1287	0	0	0	0	0	2	0	0
ASV1288	0	0	0	0	0	2	0	0
ASV1289	0	0	0	0	0	2	0	0
ASV1290	0	0	0	0	0	2	0	0
ASV1291	0	0	0	0	0	2	0	0
ASV1292	0	0	0	0	0	2	0	0
ASV1293	0	0	0	0	0	2	0	0
ASV1294	0	0	0	0	0	2	0	0
ASV1295	0	0	0	0	0	2	0	0
ASV1296	0	0	0	0	0	2	0	0
ASV1297	0	0	0	0	0	2	0	0
ASV1298	0	0	0	0	0	0	2	0
ASV1299	0	0	0	0	0	0	2	0
ASV1300	0	0	0	0	0	0	2	0
ASV1301	0	0	0	0	0	0	2	0
ASV1302	0	0	0	0	0	0	2	0
ASV1303	0	0	0	0	0	0	2	0
ASV1304	0	0	0	0	0	0	2	0
ASV1305	0	0	0	0	0	0	2	0
ASV1306	0	0	0	0	0	0	2	0
ASV1307	0	0	0	0	0	0	2	0
ASV1308	0	0	0	0	0	0	2	0
ASV1309	0	0	0	0	0	0	2	0
ASV1310	0	0	0	0	0	0	2	0
ASV1311	0	0	0	0	0	0	2	0
ASV1312	0	0	0	0	0	0	2	0
ASV1313	0	0	0	0	0	0	2	0
ASV1314	0	0	0	0	0	0	0	2
ASV1315	0	0	0	0	0	0	0	2
ASV1316	0	0	0	0	0	0	0	2
ASV1317	0	0	0	0	0	0	0	2
ASV1318	0	0	0	0	0	0	0	2
ASV1319	0	0	0	0	0	0	0	2
ASV1320	0	0	0	0	0	0	0	2
ASV1321	0	0	0	0	0	0	0	2
ASV1322	0	0	0	0	0	0	0	2
ASV1323	0	0	0	0	0	0	0	2
ASV1324	0	0	0	0	0	0	0	2
ASV1325	0	0	0	0	0	0	0	2
ASV1326	0	0	0	0	0	0	0	2
ASV1327	0	0	0	0	0	0	0	2
ASV1328	0	0	0	0	0	0	0	2
ASV1329	0	0	0	0	0	0	0	2
ASV1330	0	0	0	0	0	0	0	2
ASV1331	0	0	0	0	0	0	0	2
ASV1332	0	0	0	0	0	0	0	2
ASV1333	0	0	0	0	0	0	0	2
ASV1334	0	0	0	0	0	0	0	2
ASV1335	0	0	0	0	0	0	0	2
ASV1336	0	0	0	0	0	0	0	2
ASV1337	0	0	0	0	0	0	0	2
ASV1338	0	0	0	0	0	0	0	2
ASV1339	0	0	0	0	0	0	0	2
ASV1340	0	0	0	0	0	0	0	2
ASV1341	0	0	0	0	0	0	0	2
ASV1342	0	0	0	0	0	0	0	2
ASV1343	0	0	0	0	0	0	0	2
ASV1344	0	0	0	0	0	0	0	2
ASV1345	0	0	0	0	0	0	0	2
ASV1346	0	0	0	0	0	0	0	2
ASV1347	0	0	0	0	0	0	0	2
ASV1348	0	0	0	0	0	0	0	2
ASV1349	0	0	0	0	0	0	0	2
ASV1350	0	0	0	0	0	0	0	2
ASV1351	0	0	0	0	0	0	0	2
ASV1352	1	0	0	0	0	0	0	0
ASV1353	1	0	0	0	0	0	0	0
ASV1354	1	0	0	0	0	0	0	0
ASV1355	1	0	0	0	0	0	0	0
ASV1356	1	0	0	0	0	0	0	0
ASV1357	1	0	0	0	0	0	0	0
ASV1358	1	0	0	0	0	0	0	0
ASV1359	1	0	0	0	0	0	0	0
ASV1360	1	0	0	0	0	0	0	0
ASV1361	0	1	0	0	0	0	0	0
ASV1362	0	1	0	0	0	0	0	0
ASV1363	0	1	0	0	0	0	0	0
ASV1364	0	1	0	0	0	0	0	0
ASV1365	0	1	0	0	0	0	0	0
ASV1366	0	1	0	0	0	0	0	0
ASV1367	0	0	1	0	0	0	0	0
ASV1368	0	0	1	0	0	0	0	0
ASV1369	0	0	1	0	0	0	0	0
ASV1370	0	0	1	0	0	0	0	0
ASV1371	0	0	0	1	0	0	0	0
ASV1372	0	0	0	1	0	0	0	0
ASV1373	0	0	0	1	0	0	0	0
ASV1374	0	0	0	1	0	0	0	0
ASV1375	0	0	0	0	1	0	0	0
ASV1376	0	0	0	0	1	0	0	0
ASV1377	0	0	0	0	1	0	0	0
ASV1378	0	0	0	0	1	0	0	0
ASV1379	0	0	0	0	1	0	0	0
ASV1380	0	0	0	0	1	0	0	0
ASV1381	0	0	0	0	1	0	0	0
ASV1382	0	0	0	0	1	0	0	0
ASV1383	0	0	0	0	1	0	0	0
ASV1384	0	0	0	0	0	1	0	0
ASV1385	0	0	0	0	0	1	0	0
ASV1386	0	0	0	0	0	1	0	0
ASV1387	0	0	0	0	0	1	0	0
ASV1388	0	0	0	0	0	1	0	0
ASV1389	0	0	0	0	0	1	0	0
ASV1390	0	0	0	0	0	1	0	0
ASV1391	0	0	0	0	0	1	0	0
ASV1392	0	0	0	0	0	0	1	0
ASV1393	0	0	0	0	0	0	1	0
ASV1394	0	0	0	0	0	0	1	0
ASV1395	0	0	0	0	0	0	1	0
ASV1396	0	0	0	0	0	0	1	0
ASV1397	0	0	0	0	0	0	1	0
ASV1398	0	0	0	0	0	0	1	0
ASV1399	0	0	0	0	0	0	1	0
ASV1400	0	0	0	0	0	0	1	0
ASV1401	0	0	0	0	0	0	1	0
ASV1402	0	0	0	0	0	0	1	0
ASV1403	0	0	0	0	0	0	1	0
ASV1404	0	0	0	0	0	0	1	0
ASV1405	0	0	0	0	0	0	1	0
ASV1406	0	0	0	0	0	0	1	0
ASV1407	0	0	0	0	0	0	1	0
ASV1408	0	0	0	0	0	0	0	1
ASV1409	0	0	0	0	0	0	0	1
ASV1410	0	0	0	0	0	0	0	1
ASV1411	0	0	0	0	0	0	0	1
ASV1412	0	0	0	0	0	0	0	1
ASV1413	0	0	0	0	0	0	0	1
ASV1414	0	0	0	0	0	0	0	1
ASV1415	0	0	0	0	0	0	0	1
ASV1416	0	0	0	0	0	0	0	1
ASV1417	0	0	0	0	0	0	0	1
ASV1418	0	0	0	0	0	0	0	1
ASV1419	0	0	0	0	0	0	0	1
ASV1420	0	0	0	0	0	0	0	1
ASV1421	0	0	0	0	0	0	0	1
ASV1422	0	0	0	0	0	0	0	1
ASV1423	0	0	0	0	0	0	0	1
ASV1424	0	0	0	0	0	0	0	1
