Group	WCC0	WCC1	WCC2	WCC3	WCR0	WCR1	WCR2	WCR3
ASV1	7969	10246	9030	7384	13616	1976	1180	1409
ASV2	595	621	657	508	1213	618	326	430
ASV3	0	0	0	0	0	40	782	3187
ASV4	1268	557	565	481	293	33	249	235
ASV5	0	8	5	0	0	2272	596	784
ASV6	694	660	792	626	375	208	103	151
ASV7	0	0	0	0	0	324	938	2186
ASV9	394	459	303	229	762	232	133	177
ASV10	0	0	3	0	0	75	474	1596
ASV11	0	0	0	0	0	36	361	1672
ASV12	362	380	385	285	406	65	56	50
ASV13	0	0	0	0	0	15	398	1564
ASV14	282	345	316	240	267	99	76	64
ASV15	261	432	467	409	63	0	0	0
ASV16	0	0	0	0	0	71	350	1205
ASV17	263	266	294	254	302	90	34	67
ASV18	345	362	366	276	104	0	32	51
ASV19	392	260	303	239	156	0	0	81
ASV20	192	200	167	157	168	286	112	140
ASV21	274	43	19	14	115	41	224	678
ASV22	458	250	271	210	161	37	0	0
ASV23	356	261	282	234	124	0	20	43
ASV24	144	246	335	236	242	13	38	44
ASV25	231	296	228	186	261	0	38	50
ASV26	0	0	0	0	0	137	305	837
ASV27	0	0	0	0	0	138	333	804
ASV28	140	264	246	278	68	97	62	119
ASV29	220	261	303	218	155	0	41	48
ASV30	0	0	0	0	0	98	239	844
ASV31	162	80	114	103	505	10	113	86
ASV32	290	248	242	194	33	45	22	33
ASV33	200	205	250	233	111	0	44	47
ASV34	229	165	232	274	43	15	65	55
ASV35	286	141	112	98	131	81	52	75
ASV36	201	128	154	128	199	0	0	0
ASV37	0	0	0	0	0	72	189	547
ASV38	0	0	0	0	0	458	152	196
ASV39	105	150	150	162	122	23	41	42
ASV40	6	66	0	0	0	459	102	148
ASV41	0	0	0	0	0	183	207	363
ASV42	93	93	98	55	257	60	39	39
ASV43	22	62	79	64	39	242	90	127
ASV44	128	39	63	58	244	76	39	53
ASV45	79	113	142	115	250	0	0	0
ASV46	110	137	145	73	226	0	0	0
ASV47	81	196	207	164	42	0	0	0
ASV48	138	94	131	103	82	43	37	37
ASV49	226	74	77	125	78	0	31	41
ASV50	0	0	0	0	0	119	194	334
ASV51	0	0	0	0	0	0	139	499
ASV53	0	14	17	16	21	128	182	234
ASV54	162	44	33	42	319	0	0	0
ASV55	128	118	53	0	209	77	0	0
ASV57	92	139	138	121	69	0	0	0
ASV58	130	71	95	86	71	0	42	49
ASV59	0	0	0	0	0	31	136	375
ASV60	73	101	96	74	60	72	35	30
ASV61	48	118	91	95	53	59	27	49
ASV62	0	0	0	0	0	312	96	128
ASV63	20	68	37	28	186	96	41	39
ASV64	0	0	0	0	0	23	105	381
ASV65	166	76	106	98	53	0	0	0
ASV66	67	73	112	143	81	0	0	17
ASV67	48	114	123	85	93	0	16	14
ASV68	198	46	50	67	84	0	0	25
ASV69	121	72	75	87	44	0	28	37
ASV70	122	43	65	50	109	0	0	22
ASV71	62	80	79	71	93	5	8	13
ASV72	0	0	0	0	0	196	93	115
ASV73	0	68	91	48	84	36	34	41
ASV75	63	67	105	57	79	0	0	0
ASV76	0	0	33	34	0	41	98	154
ASV77	111	45	79	87	35	0	0	0
ASV78	67	88	79	64	57	0	0	0
ASV79	41	67	73	51	112	0	0	0
ASV80	75	67	74	36	78	0	9	0
ASV81	62	63	66	61	68	0	0	18
ASV82	81	53	92	72	0	0	19	20
ASV84	229	10	0	10	0	0	16	62
ASV85	29	15	13	0	39	91	49	89
ASV86	0	108	115	102	0	0	0	0
ASV87	58	38	74	47	67	0	12	14
ASV88	41	60	54	46	40	17	17	34
ASV89	79	33	51	65	29	0	24	23
ASV90	36	63	71	62	57	0	0	15
ASV91	32	58	72	51	49	0	19	19
ASV93	40	41	38	41	64	25	19	22
ASV94	58	57	0	62	91	0	9	12
ASV95	26	63	95	79	21	0	0	0
ASV96	39	62	71	33	45	0	0	27
ASV97	0	117	76	61	15	0	8	0
ASV98	82	0	0	0	17	41	38	96
ASV99	0	0	0	0	0	23	68	183
ASV100	37	47	75	67	12	14	0	20
ASV101	0	0	0	0	0	173	57	38
ASV102	0	0	0	0	0	29	67	170
ASV103	17	18	22	16	0	54	53	83
ASV104	0	0	0	0	0	13	90	156
ASV105	12	59	73	55	31	13	0	12
ASV106	47	54	50	71	31	0	0	0
ASV107	0	0	0	0	0	0	47	204
ASV108	64	27	42	42	12	28	14	19
ASV109	59	76	60	44	0	0	0	0
ASV110	0	92	71	71	0	0	0	0
ASV111	25	38	47	56	60	0	0	0
ASV112	17	24	38	35	66	5	15	25
ASV113	37	53	64	35	33	0	0	0
ASV114	0	78	78	62	0	0	0	0
ASV115	0	0	0	0	0	19	34	165
ASV116	0	0	0	0	0	0	34	184
ASV117	42	44	42	38	48	0	0	0
ASV118	43	27	44	30	69	0	0	0
ASV119	0	43	65	58	46	0	0	0
ASV120	48	60	27	73	0	0	0	0
ASV121	85	45	0	34	0	0	0	43
ASV123	40	0	39	0	62	31	24	10
ASV124	55	0	0	0	82	0	20	47
ASV125	44	57	55	0	45	0	0	0
ASV126	28	49	52	48	17	0	0	2
ASV127	0	0	0	0	0	68	46	79
ASV128	22	0	0	0	0	44	48	78
ASV129	55	41	43	31	0	0	20	0
ASV130	0	0	0	0	0	10	44	136
ASV131	29	18	36	18	77	6	0	5
ASV132	0	19	0	0	78	38	29	25
ASV133	25	14	50	39	60	0	0	0
ASV134	6	21	17	6	0	38	40	60
ASV135	42	10	28	45	34	6	4	18
ASV136	54	12	35	0	35	0	30	20
ASV137	0	51	62	52	21	0	0	0
ASV138	0	0	0	0	0	0	9	177
ASV139	72	0	0	0	106	0	7	0
ASV140	49	21	18	24	55	0	5	8
ASV141	0	56	70	54	0	0	0	0
ASV142	0	0	0	0	0	0	44	134
ASV143	9	11	10	8	60	0	38	40
ASV144	0	19	12	23	60	37	11	12
ASV145	0	0	0	4	164	0	0	0
ASV146	59	0	74	0	33	0	0	0
ASV147	18	41	35	42	29	0	0	0
ASV148	9	13	18	11	78	18	9	9
ASV149	0	0	0	0	0	0	43	122
ASV150	0	53	53	57	0	0	0	0
ASV151	0	0	0	0	0	64	32	66
ASV152	14	23	55	53	14	0	0	0
ASV153	80	0	0	0	57	0	19	0
ASV154	62	17	28	29	20	0	0	0
ASV155	0	35	0	0	0	19	54	47
ASV156	0	0	0	0	0	8	20	127
ASV157	0	10	13	14	117	0	0	0
ASV158	0	40	41	29	40	0	0	0
ASV159	16	22	18	12	16	22	13	25
ASV160	10	16	28	18	55	0	8	7
ASV162	11	21	17	16	50	21	0	0
ASV163	0	0	0	0	0	16	48	72
ASV164	12	0	0	0	9	20	38	55
ASV165	9	26	15	23	19	13	11	18
ASV166	0	38	51	37	0	0	0	8
ASV167	0	0	0	0	0	0	49	84
ASV168	0	14	17	15	86	0	0	0
ASV169	0	0	20	38	14	36	0	24
ASV170	104	0	6	0	21	0	0	0
ASV171	0	53	40	38	0	0	0	0
ASV172	0	0	42	61	28	0	0	0
ASV173	83	15	0	17	15	0	0	0
ASV174	89	0	0	0	40	0	0	0
ASV175	34	0	0	0	0	19	17	59
ASV177	0	47	39	43	0	0	0	0
ASV178	0	0	0	0	126	0	0	0
ASV179	32	12	5	16	11	0	22	27
ASV180	29	23	30	19	24	0	0	0
ASV181	19	8	11	7	21	0	20	38
ASV182	20	25	30	10	27	5	2	4
ASV183	0	0	0	0	0	37	35	50
ASV184	0	0	0	0	0	9	21	91
ASV185	38	23	11	1	0	0	22	25
ASV186	0	0	0	0	0	15	32	73
ASV188	19	25	31	37	7	0	0	0
ASV189	18	23	18	27	33	0	0	0
ASV191	15	36	35	30	0	0	0	0
ASV192	0	0	0	6	42	18	16	33
ASV193	12	0	8	0	38	0	18	38
ASV194	0	0	0	0	0	46	30	36
ASV195	17	15	14	12	4	17	7	25
ASV196	0	26	44	0	41	0	0	0
ASV197	27	0	40	0	30	0	0	13
ASV198	0	0	0	0	0	0	0	109
ASV200	0	0	0	0	0	6	24	74
ASV203	18	21	25	18	20	0	0	0
